#ZK#Z86					
#QY#1	3.25	0.20		1.84	2.72	35.0	36.5	24.8																			
#SX# 					
#GJ#常规	20						0.38	5.25									0.996	0.949	0.922	0.884		0.841																			
#GY#																						
%GJ%1	50	0.4709
%GJ%2	100	0.7415
%GJ%3	200	1.1222
%GJ%4	400	1.5531
#KF#试验方法																															
#ZJ#快剪				17.20	31.6		
#QY#2	10.75	0.20		1.96	2.71	26.0	29.0	19.6																			
#SX# 					
#GJ#常规	20						0.14	12.44									0.742	0.729	0.718	0.704		0.683																			
#GY#																						
%GJ%1	50	0.1493
%GJ%2	100	0.2755
%GJ%3	200	0.4363
%GJ%4	400	0.6774
#KF#试验方法																12.3	75.9	92.4		7.6	0.008		0.015		0.028			0.064	7.6	3.50	1.00
#ZJ#快剪				27.55	12.8		
#QY#3	20.75	0.20		1.79	2.73	43.1	37.6	20.8																			
#SX# 					
#GJ#常规	20						0.75	2.91									1.182	1.112	1.065	0.990		0.932																			
#GY#																						
%GJ%1	50	0.6416
%GJ%2	100	1.0724
%GJ%3	200	1.7599
%GJ%4	400	2.2915
#KF#试验方法																															
#ZJ#快剪				10.16	14.4		
#QY#4	32.75	0.20		1.85	2.73	35.0	34.5	19.7																			
#SX# 					
#GJ#常规	20						0.56	3.56									0.992	0.946	0.916	0.860		0.818																			
#GY#																						
%GJ%1	50	0.4618
%GJ%2	100	0.7631
%GJ%3	200	1.3253
%GJ%4	400	1.7470
#KF#试验方法																															
#ZJ#快剪				13.73	15.8		
#QY#5	40.75	0.20		1.97	2.71	28.0	30.5	21.3																			
#SX# 					
#GJ#常规	20						0.11	16.01									0.761	0.747	0.739	0.728		0.713																			
#GY#																						
%GJ%1	50	0.1590
%GJ%2	100	0.2499
%GJ%3	200	0.3748
%GJ%4	400	0.5451
#KF#试验方法																															
#ZJ#快剪				26.93	13.6		
#QY#6	46.75	0.20		2.06	2.71	20.3	24.1	16.0																			
#SX# 					
#GJ#常规	20						0.10	15.83									0.583	0.570	0.561	0.551		0.537																			
#GY#																						
%GJ%1	50	0.1642
%GJ%2	100	0.2780
%GJ%3	200	0.4043
%GJ%4	400	0.5812
#KF#试验方法																															
#ZJ#快剪				28.01	13.4		
#QY#7	58.75	0.20		1.94	2.71	24.7	27.1	18.6																			
#SX# 					
#GJ#常规	20						0.24	7.26									0.742	0.717	0.701	0.677		0.650																			
#GY#0.09	19.91			0.06	31.67													0.615			0.571	
%GJ%1	50	0.2870
%GJ%2	100	0.4707
%GJ%3	200	0.7463
%GJ%4	400	1.0563
%GJ%5	800	1.4581
%GJ%6	1600	1.9633
#KF#试验方法																															
#ZJ#快剪				26.38	16.8		
#QY#8	72.75	0.20		1.89	2.73	33.0	35.6	20.1																			
#SX# 					
#GJ#常规	20						0.35	5.49									0.921	0.872	0.847	0.812		0.762																			
#GY#0.19	10.38			0.12	15.68													0.688			0.590	
%GJ%1	50	0.5102
%GJ%2	100	0.7704
%GJ%3	200	1.1348
%GJ%4	400	1.6554
%GJ%5	800	2.4258
%GJ%6	1600	3.4461
#KF#试验方法																															
#ZJ#快剪				15.28	31.5		
#QY#R1	52.75	0.20	1																								
#SX# 					
#GJ#常规	20																																								
#GY#																						
#KF#试验方法											1.6	2.7		78.2	78.2	17.5		17.5			0.012		0.090		0.143			0.247		12.15	4.82
#ZJ#快剪							
#QY#R2	64.75	0.20	1																								
#SX# 					
#GJ#常规	20																																								
#GY#																						
#KF#试验方法											1	2.2		78.1	78.1	18.7		18.7			0.010		0.089		0.141			0.243		13.91	5.53
#ZJ#快剪							
#QY#R3	66.75	0.20	1																								
#SX# 					
#GJ#常规	20																																								
#GY#																						
#KF#试验方法											2.4	8.4		71.2	71.2	18		18			0.011		0.091		0.152			0.405		13.80	4.98
#ZJ#快剪							
#ZK#Z26					
#QY#1	.6	0.30		1.91	2.72	30.3	33.0	19.2					.144	.314	.144												
#SX# 					
#GJ#常规	20						0.33	5.62									0.856	0.815	0.791	0.758		0.718																			
#GY#																						
%GJ%1	50	0.4418
%GJ%2	100	0.7004
%GJ%3	200	1.0560
%GJ%4	400	1.4871
#KF#试验方法																															
#ZJ#快剪				15.78	32.6		
#QY#2	2.6	0.30		1.88	2.72	31.9	33.4	19.5					.249	.373	.249												
#SX# 					
#GJ#常规	20						0.35	5.45									0.908	0.870	0.844	0.809		0.764																			
#GY#																						
%GJ%1	50	0.3983
%GJ%2	100	0.6709
%GJ%3	200	1.0377
%GJ%4	400	1.5094
#KF#试验方法																															
#ZJ#快剪				15.21	32.4		
#QY#3	6.6	0.30		1.97	2.71	26.1	28.2	19.0					28.6	53.2	28.6												
#SX# 					
#GJ#常规	20						0.11	15.77									0.735	0.721	0.713	0.702		0.684																			
#GY#																						
%GJ%1	50	0.1614
%GJ%2	100	0.2536
%GJ%3	200	0.3804
%GJ%4	400	0.5879
#KF#试验方法																															
#ZJ#快剪				27.01	12.6		
#QY#4	10.6	0.30		1.95	2.71	28.6	30.1	20.5					18.6	21.6	18.6												
#SX# 					
#GJ#常规	20						0.18	9.93									0.787	0.769	0.755	0.737		0.715																			
#GY#																						
%GJ%1	50	0.2015
%GJ%2	100	0.3581
%GJ%3	200	0.5596
%GJ%4	400	0.8058
#KF#试验方法																															
#ZJ#快剪				26.61	14.4		
#QY#5	14.6	0.30		1.97	2.71	23.3	26.2	17.1					22.3	33.7	22.3												
#SX# 					
#GJ#常规	20						0.11	15.42									0.696	0.685	0.678	0.667		0.653																			
#GY#																						
%GJ%1	50	0.1297
%GJ%2	100	0.2123
%GJ%3	200	0.3420
%GJ%4	400	0.5071
#KF#试验方法														15.2	15.2	13.3	61.8	79.2		5.6	0.01		0.018		0.037			0.167	5.6	3.70	0.88
#ZJ#快剪				27.98	12.9		
#QY#6	20.7	0.20		1.80	2.73	33.9	35.2	20.0																			
#SX# 					
#GJ#常规	20						0.62	3.28									1.031	0.966	0.923	0.861		0.767																			
#GY#																						
%GJ%1	50	0.6401
%GJ%2	100	1.0635
%GJ%3	200	1.6741
%GJ%4	400	2.5997
#KF#试验方法																															
#ZJ#快剪				12.08	22.5		
#QY#7	28.7	0.20		1.82	2.73	32.5	35.5	20.1																			
#SX# 					
#GJ#常规	20						0.55	3.61									0.988	0.932	0.893	0.838		0.763																			
#GY#																						
%GJ%1	50	0.5634
%GJ%2	100	0.9557
%GJ%3	200	1.5091
%GJ%4	400	2.2636
#KF#试验方法																															
#ZJ#快剪				13.17	22.3		
#QY#8	34.7	0.20		1.81	2.75	39.8	41.3	21.9																			
#SX# 					
#GJ#常规	20						0.59	3.60									1.124	1.071	1.031	0.972		0.894																			
#GY#																						
%GJ%1	50	0.4991
%GJ%2	100	0.8757
%GJ%3	200	1.4313
%GJ%4	400	2.1657
#KF#试验方法																															
#ZJ#快剪				11.54	21.7		
#QY#9	38.7	0.20		2.03	2.72	21.0	28.8	17.4																			
#SX# 					
#GJ#常规	20						0.15	10.81									0.621	0.607	0.596	0.581		0.561																			
#GY#																						
%GJ%1	50	0.1727
%GJ%2	100	0.3085
%GJ%3	200	0.4935
%GJ%4	400	0.7403
#KF#试验方法																															
#ZJ#快剪				20.77	61.6		
#QY#10	44.7	0.20		2.03	2.71	21.8	24.5	16.2																			
#SX# 					
#GJ#常规	20						0.09	18.07									0.626	0.618	0.611	0.602		0.589																			
#GY#																						
%GJ%1	50	0.0984
%GJ%2	100	0.1845
%GJ%3	200	0.2952
%GJ%4	400	0.4551
#KF#试验方法																															
#ZJ#快剪				27.16	12.5		
#QY#11	50.7	0.20																									
#SX# 					
#GJ#常规	20																																								
#GY#																						
#KF#试验方法												3.4		61	61	35.6		35.6			0.003		0.038		0.120			0.242		35.74	3.56
#ZJ#快剪							
#QY#12	60.7	0.20		1.98	2.72	24.5	29.5	17.6																			
#SX# 					
#GJ#常规	20						0.27	6.33									0.710	0.677	0.659	0.632		0.603																			
#GY#0.09	18.49			0.06	27.36													0.566			0.516	
%GJ%1	50	0.3860
%GJ%2	100	0.5965
%GJ%3	200	0.9123
%GJ%4	400	1.2515
%GJ%5	800	1.6842
%GJ%6	1600	2.2690
#KF#试验方法																															
#ZJ#快剪				18.43	40.3		
#QY#13	70.7	0.20		1.98	2.72	22.5	26.3	15.2																			
#SX# 					
#GJ#常规	20						0.29	5.80									0.683	0.648	0.627	0.598		0.561																			
#GY#0.12	14.03			0.07	24.48													0.513			0.458	
%GJ%1	50	0.4159
%GJ%2	100	0.6655
%GJ%3	200	1.0101
%GJ%4	400	1.4498
%GJ%5	800	2.0202
%GJ%6	1600	2.6738
#KF#试验方法																															
#ZJ#快剪				17.25	37.5		
#QY#R1	54.7	0.20	1																								
#SX# 					
#GJ#常规	20																																								
#GY#																						
#KF#试验方法											4.4	61.2		23.3	23.3	11.1		11.1			0.050		0.199		0.334			0.496		6.73	2.39
#ZJ#快剪							
#QY#R2	64.7	0.20	1																								
#SX# 					
#GJ#常规	20																																								
#GY#																						
#KF#试验方法											7.2	31.3		42.7	42.7	18.8		18.8			0.010		0.102		0.240			0.773		24.12	4.32
#ZJ#快剪							
#QY#R3	74.7	0.20	1																								
#SX# 					
#GJ#常规	20																																								
#GY#																						
#KF#试验方法											2.8	61.5		23.6	23.6	12.1		12.1			0.035		0.186		0.329			0.488		9.27	2.97
#ZJ#快剪							
#ZK#Z48					
#QY#1	.6	0.30		1.89	2.72	28.8	31.3	18.5					.277	.4	.277												
#SX# 					
#GJ#常规	20						0.35	5.30									0.854	0.813	0.786	0.751		0.707																			
#GY#																						
%GJ%1	50	0.4423
%GJ%2	100	0.7335
%GJ%3	200	1.1111
%GJ%4	400	1.5858
#KF#试验方法																															
#ZJ#快剪				15.86	31.2		
#QY#2	2.6	0.30		1.87	2.73	33.1	34.6	19.8					.314	.518	.314												
#SX# 					
#GJ#常规	20						0.35	5.55									0.943	0.904	0.880	0.845		0.800																			
#GY#																						
%GJ%1	50	0.4014
%GJ%2	100	0.6485
%GJ%3	200	1.0087
%GJ%4	400	1.4720
#KF#试验方法																															
#ZJ#快剪				14.95	34.9		
#QY#3	4.6	0.30		1.96	2.71	24.5	27.0	17.2					25.5	41.6	25.5												
#SX# 					
#GJ#常规	20						0.14	12.30									0.721	0.703	0.692	0.678		0.663																			
#GY#																						
%GJ%1	50	0.2092
%GJ%2	100	0.3370
%GJ%3	200	0.4997
%GJ%4	400	0.6740
#KF#试验方法														10.5	10.5	12.5	68.7	84.3		5.2	0.011		0.017		0.034			0.14	5.2	3.09	0.77
#ZJ#快剪				27.55	14.7		
#QY#4	6.6	0.30		1.95	2.71	26.9	28.9	19.4					17.3	20.8	17.3												
#SX# 					
#GJ#常规	20						0.15	11.76									0.764	0.741	0.730	0.715		0.696																			
#GY#																						
%GJ%1	50	0.2608
%GJ%2	100	0.3855
%GJ%3	200	0.5556
%GJ%4	400	0.7710
#KF#试验方法																															
#ZJ#快剪				26.50	13.5		
#QY#5	8.6	0.30		1.91	2.71	27.1	29.5	20.3					11.6	28.3	11.6												
#SX# 					
#GJ#常规	20						0.15	12.02									0.803	0.780	0.769	0.754		0.735																			
#GY#																						
%GJ%1	50	0.2551
%GJ%2	100	0.3771
%GJ%3	200	0.5435
%GJ%4	400	0.7543
#KF#试验方法																															
#ZJ#快剪				27.89	12.5		
#QY#6	10.6	0.30		1.92	2.71	26.8	29.1	19.4					15.5	22.7	15.5												
#SX# 					
#GJ#常规	20						0.17	10.53									0.790	0.768	0.756	0.739		0.717																			
#GY#																						
%GJ%1	50	0.2458
%GJ%2	100	0.3799
%GJ%3	200	0.5698
%GJ%4	400	0.8156
#KF#试验方法																															
#ZJ#快剪				27.64	12.8		
#QY#7	12.6	0.30		1.94	2.71	25.7	28.5	19.2					23.4	31.1	23.4												
#SX# 					
#GJ#常规	20						0.13	13.51									0.756	0.735	0.724	0.711		0.693																			
#GY#																						
%GJ%1	50	0.2392
%GJ%2	100	0.3645
%GJ%3	200	0.5125
%GJ%4	400	0.7175
#KF#试验方法														7.2	7.2	14	69.9	87.4		5.4	0.011		0.017		0.033			0.107	5.4	3.00	0.80
#ZJ#快剪				27.10	13.7		
#QY#8	14.6	0.30		1.97	2.71	25.8	28.0	18.6					16.4	26.1	16.4												
#SX# 					
#GJ#常规	20						0.17	10.18									0.731	0.711	0.697	0.680		0.660																			
#GY#																						
%GJ%1	50	0.2311
%GJ%2	100	0.3928
%GJ%3	200	0.5893
%GJ%4	400	0.8203
#KF#试验方法														13.9	13.9	12.9	62.8	79.7		6.4	0.009		0.017		0.036			0.161	6.4	4.00	0.89
#ZJ#快剪				27.80	13.2		
#QY#9	22.7	0.20		1.88	2.72	28.6	30.7	19.2																			
#SX# 					
#GJ#常规	20						0.45	4.13									0.861	0.808	0.779	0.734		0.688																			
#GY#																						
%GJ%1	50	0.5696
%GJ%2	100	0.8812
%GJ%3	200	1.3649
%GJ%4	400	1.8592
#KF#试验方法																															
#ZJ#快剪				15.40	29.4		
#QY#10	28.7	0.20		1.77	2.75	45.4	42.0	22.1																			
#SX# 					
#GJ#常规	20						0.80	2.82									1.259	1.170	1.106	1.026		0.924																			
#GY#																						
%GJ%1	50	0.7880
%GJ%2	100	1.3546
%GJ%3	200	2.0629
%GJ%4	400	2.9659
#KF#试验方法																															
#ZJ#快剪				9.33	14.3		
#QY#11	34.7	0.20		1.73	2.75	45.1	41.6	22.0																			
#SX# 					
#GJ#常规	20						0.85	2.71									1.307	1.244	1.198	1.113		0.971																			
#GY#																						
%GJ%1	50	0.5462
%GJ%2	100	0.9450
%GJ%3	200	1.6818
%GJ%4	400	2.9129
#KF#试验方法																															
#ZJ#快剪				9.00	15.3		
#QY#12	38.7	0.20		2.02	2.73	25.3	35.0	19.9																			
#SX# 					
#GJ#常规	20						0.18	9.41									0.693	0.676	0.664	0.646		0.619																			
#GY#																						
%GJ%1	50	0.2008
%GJ%2	100	0.3426
%GJ%3	200	0.5552
%GJ%4	400	0.8742
#KF#试验方法																															
#ZJ#快剪				22.22	49.7		
#QY#13	45.7	0.20		1.96	2.71	23.5	25.7	17.2																			
#SX# 					
#GJ#常规	20						0.13	13.14									0.708	0.693	0.682	0.669		0.651																			
#GY#																						
%GJ%1	50	0.1756
%GJ%2	100	0.3044
%GJ%3	200	0.4567
%GJ%4	400	0.6674
#KF#试验方法																															
#ZJ#快剪				27.61	12.6		
#QY#14	49.7	0.20		2.06	2.71	21.3	25.1	15.6																			
#SX# 					
#GJ#常规	20						0.14	11.40									0.596	0.581	0.572	0.558		0.540																			
#GY#																						
%GJ%1	50	0.1880
%GJ%2	100	0.3008
%GJ%3	200	0.4762
%GJ%4	400	0.7018
#KF#试验方法																															
#ZJ#快剪				26.00	13.9		
#QY#15	59.7	0.20		1.97	2.72	24.2	28.7	17.5																			
#SX# 					
#GJ#常规	20						0.26	6.60									0.715	0.687	0.666	0.640		0.603																			
#GY#0.11	15.24			0.08	21.44													0.558			0.494	
%GJ%1	50	0.3265
%GJ%2	100	0.5714
%GJ%3	200	0.8746
%GJ%4	400	1.3061
%GJ%5	800	1.8309
%GJ%6	1600	2.5773
#KF#试验方法																															
#ZJ#快剪				15.77	41.5		
#QY#16	69.7	0.20		1.92	2.72	26.5	29.8	18.2																			
#SX# 					
#GJ#常规	20						0.32	5.60									0.792	0.751	0.730	0.698		0.659																			
#GY#0.11	16.67			0.07	26.07													0.616			0.561	
%GJ%1	50	0.4576
%GJ%2	100	0.6920
%GJ%3	200	1.0491
%GJ%4	400	1.4844
%GJ%5	800	1.9643
%GJ%6	1600	2.5781
#KF#试验方法																															
#ZJ#快剪				16.32	35.4		
#QY#R1	55.7	0.20	1																								
#SX# 					
#GJ#常规	20																																								
#GY#																						
#KF#试验方法											6.2	31		43.6	43.6	19.2		19.2			0.010		0.100		0.232			0.657		24.30	4.52
#ZJ#快剪							
#QY#R2	64.7	0.29	1																								
#SX# 					
#GJ#常规	20																																								
#GY#																						
#KF#试验方法									1.3		9.4	65.6		16.7	16.7	7		7			0.092		0.267		0.367			1.157		3.99	2.11
#ZJ#快剪							
#QY#R3	71.7	0.25	1																								
#SX# 					
#GJ#常规	20																																								
#GY#																						
#KF#试验方法									13.4		33.2	15.2		24.8	24.8	13.4		13.4			0.025		0.167		0.659			3.552		26.25	1.69
#ZJ#快剪							
#QY#R4	73.7	0.20	1																								
#SX# 					
#GJ#常规	20																																								
#GY#																						
#KF#试验方法									13.4		33	15.4		25.2	25.2	13		13			0.027		0.168		0.654			3.555		23.90	1.58
#ZJ#快剪							
#QY#R5	74.7	0.20	1																								
#SX# 					
#GJ#常规	20																																								
#GY#																						
#KF#试验方法									2.9		10.6	64.2		17.3	17.3	5		5			0.105		0.272		0.376			1.514		3.57	1.87
#ZJ#快剪							
#ZK#Z35					
#QY#1	.6	0.30		1.91	2.72	26.5	30.3	18.0																	76.39	54.15	1.41
#SX# 					
#GJ#常规	20						0.26	6.93									0.801	0.770	0.748	0.722		0.686																			
#GY#																						
%GJ%1	50	0.3443
%GJ%2	100	0.5886
%GJ%3	200	0.8773
%GJ%4	400	1.2771
#KF#试验方法																															
#ZJ#快剪							
#QY#2	2.7	0.20		1.84	2.72	31.4	33.0	19.2																	33.65	10.78	3.12
#SX# 					
#GJ#常规	20						0.37	5.25									0.942	0.893	0.864	0.827		0.774																			
#GY#																						
%GJ%1	50	0.5046
%GJ%2	100	0.8033
%GJ%3	200	1.1843
%GJ%4	400	1.7302
#KF#试验方法																															
#ZJ#快剪							
#QY#3	8.7	0.20		1.98	2.71	22.7	25.6	16.3																	67.80		
#SX# 					
#GJ#常规	20						0.13	12.92									0.679	0.664	0.657	0.644		0.629																			
#GY#																						
%GJ%1	50	0.1787
%GJ%2	100	0.2621
%GJ%3	200	0.4169
%GJ%4	400	0.5956
#KF#试验方法														11.5	11.5	13.3	67.3	83.6		4.9	0.011		0.018		0.035			0.147	4.9	3.18	0.84
#ZJ#快剪							
#QY#4	16.7	0.20		1.94	2.71	24.9	27.0	17.4																	108.28		
#SX# 					
#GJ#常规	20						0.14	12.46									0.745	0.730	0.719	0.705		0.686																			
#GY#																						
%GJ%1	50	0.1719
%GJ%2	100	0.2980
%GJ%3	200	0.4585
%GJ%4	400	0.6762
#KF#试验方法														8.7	8.7	10.8	72.9	86.3		5.0	0.011		0.017		0.032			0.124	5.0	2.91	0.82
#ZJ#快剪							
#QY#5	24.7	0.20		1.81	2.73	34.8	36.3	20.3																			
#SX# 					
#GJ#常规	20						0.39	5.21									1.033	0.982	0.953	0.914		0.862																			
#GY#																						
%GJ%1	50	0.5017
%GJ%2	100	0.7870
%GJ%3	200	1.1707
%GJ%4	400	1.6822
#KF#试验方法																															
#ZJ#快剪				13.91	32.7		
#QY#6	32.7	0.20		1.79	2.72	34.4	35.9	22.1																			
#SX# 					
#GJ#常规	20						0.55	3.71									1.042	0.991	0.956	0.901		0.827																			
#GY#																						
%GJ%1	50	0.4995
%GJ%2	100	0.8423
%GJ%3	200	1.3810
%GJ%4	400	2.1058
#KF#试验方法																															
#ZJ#快剪				14.62	23.2		
#QY#7	38.7	0.20		2.00	2.73	25.0	35.1	19.9																			
#SX# 					
#GJ#常规	20						0.17	10.04									0.706	0.689	0.678	0.661		0.643																			
#GY#																						
%GJ%1	50	0.1993
%GJ%2	100	0.3283
%GJ%3	200	0.5275
%GJ%4	400	0.7386
#KF#试验方法																															
#ZJ#快剪				20.00	57.4		
#QY#8	44.7	0.20		2.07	2.71	19.3	24.2	16.0																			
#SX# 					
#GJ#常规	20						0.09	17.35									0.562	0.551	0.544	0.535		0.525																			
#GY#																						
%GJ%1	50	0.1408
%GJ%2	100	0.2305
%GJ%3	200	0.3457
%GJ%4	400	0.4738
#KF#试验方法																															
#ZJ#快剪							
#QY#9	50.7	0.20		2.01	2.71	20.9	24.5	16.1																			
#SX# 					
#GJ#常规	20						0.11	14.82									0.630	0.615	0.604	0.593		0.582																			
#GY#																						
%GJ%1	50	0.1840
%GJ%2	100	0.3190
%GJ%3	200	0.4540
%GJ%4	400	0.5890
#KF#试验方法																															
#ZJ#快剪				26.98	12.7		
#QY#10	60.7	0.20		1.97	2.72	23.2	27.6	16.3																			
#SX# 					
#GJ#常规	20						0.24	7.09									0.701	0.680	0.664	0.640		0.608																			
#GY#0.09	18.39			0.05	36.78													0.571			0.534	
%GJ%1	50	0.2469
%GJ%2	100	0.4350
%GJ%3	200	0.7172
%GJ%4	400	1.0935
%GJ%5	800	1.5285
%GJ%6	1600	1.9636
#KF#试验方法																															
#ZJ#快剪				16.41	38.6		
#QY#11	72.7	0.20		1.88	2.72	28.2	30.6	18.2																			
#SX# 					
#GJ#常规	20						0.34	5.46									0.855	0.816	0.791	0.757		0.711																			
#GY#0.13	14.00			0.08	24.73													0.658			0.598	
%GJ%1	50	0.4205
%GJ%2	100	0.6900
%GJ%3	200	1.0566
%GJ%4	400	1.5526
%GJ%5	800	2.1240
%GJ%6	1600	2.7709
#KF#试验方法																															
#ZJ#快剪				14.91	34.2		
#QY#R1	54.7	0.20	1																								
#SX# 					
#GJ#常规	20																																								
#GY#																						
#KF#试验方法											1.6	6.7		73.3	73.3	18.4		18.4			0.010		0.090		0.147			0.354		14.16	5.27
#ZJ#快剪							
#QY#R2	64.7	0.20	1																								
#SX# 					
#GJ#常规	20																																								
#GY#																						
#KF#试验方法											7.4	31		42.3	42.3	19.3		19.3			0.009		0.100		0.239			0.789		25.45	4.49
#ZJ#快剪							
#ZK#Z104					
#QY#1	1.1	0.30		1.93	2.72	30.0	32.8	19.1																	34.28	10.78	3.18
#SX# 					
#GJ#常规	20						0.37	4.95									0.832	0.787	0.756	0.719		0.671																			
#GY#																						
%GJ%1	50	0.4913
%GJ%2	100	0.8297
%GJ%3	200	1.2336
%GJ%4	400	1.7576
#KF#试验方法																															
#ZJ#快剪							
#QY#2	4.1	0.20		1.94	2.71	29.9	31.1	22.0																	90.93		
#SX# 					
#GJ#常规	20						0.11	16.50									0.815	0.797	0.789	0.778		0.759																			
#GY#																						
%GJ%1	50	0.1983
%GJ%2	100	0.2865
%GJ%3	200	0.4077
%GJ%4	400	0.6171
#KF#试验方法																															
#ZJ#快剪							
#QY#3	6.1	0.30		1.93	2.71	28.3	30.2	20.5																	85.04		
#SX# 					
#GJ#常规	20						0.18	10.01									0.802	0.768	0.754	0.736		0.715																			
#GY#																						
%GJ%1	50	0.3774
%GJ%2	100	0.5327
%GJ%3	200	0.7325
%GJ%4	400	0.9656
#KF#试验方法																															
#ZJ#快剪							
#QY#4	8.1	0.20		1.95	2.71	25.2	28.0	18.2																	111.81		
#SX# 					
#GJ#常规	20						0.07	24.86									0.740	0.730	0.725	0.718		0.709																			
#GY#																						
%GJ%1	50	0.1149
%GJ%2	100	0.1724
%GJ%3	200	0.2529
%GJ%4	400	0.3563
#KF#试验方法																															
#ZJ#快剪							
#QY#5	10.1	0.20		1.96	2.71	23.4	26.8	17.3																	90.28		
#SX# 					
#GJ#常规	20						0.09	18.96									0.706	0.691	0.683	0.674		0.659																			
#GY#																						
%GJ%1	50	0.1758
%GJ%2	100	0.2696
%GJ%3	200	0.3751
%GJ%4	400	0.5510
#KF#试验方法														17.3	17.3	16.6	58.5	78.1		4.6	0.011		0.019		0.043			0.176	4.6	3.91	0.76
#ZJ#快剪							
#QY#6	12.1	0.20		2.00	2.71	23.1	26.5	17.2																	98.44		
#SX# 					
#GJ#常规	20						0.17	9.81									0.668	0.646	0.635	0.618		0.595																			
#GY#																						
%GJ%1	50	0.2638
%GJ%2	100	0.3957
%GJ%3	200	0.5995
%GJ%4	400	0.8753
#KF#试验方法														15.7	15.7	14.6	61.4	79.1		5.2	0.011		0.018		0.039			0.169	5.2	3.55	0.76
#ZJ#快剪							
#QY#7	14.1	0.20		1.95	2.71	26.8	28.8	19.2																	79.65		
#SX# 					
#GJ#常规	20						0.18	9.79									0.762	0.734	0.720	0.702		0.678																			
#GY#																						
%GJ%1	50	0.3178
%GJ%2	100	0.4767
%GJ%3	200	0.6810
%GJ%4	400	0.9535
#KF#试验方法																															
#ZJ#快剪							
#QY#8	23.7	0.20		1.77	2.74	41.2	39.6	21.3																			
#SX# 					
#GJ#常规	20						0.81	2.70									1.186	1.073	1.014	0.933		0.829																			
#GY#																						
%GJ%1	50	1.0339
%GJ%2	100	1.5737
%GJ%3	200	2.3147
%GJ%4	400	3.2662
#KF#试验方法																															
#ZJ#快剪				9.20	13.6		
#QY#9	35.7	0.20		1.78	2.74	44.6	39.2	21.2																			
#SX# 					
#GJ#常规	20						0.86	2.59									1.226	1.148	1.099	1.013		0.902																			
#GY#																						
%GJ%1	50	0.7008
%GJ%2	100	1.1411
%GJ%3	200	1.9137
%GJ%4	400	2.9111
#KF#试验方法																															
#ZJ#快剪				9.59	12.5		
#QY#10	39.7	0.20		2.02	2.72	22.8	28.2	17.0																			
#SX# 					
#GJ#常规	20						0.24	6.89									0.654	0.626	0.608	0.584		0.555																			
#GY#																						
%GJ%1	50	0.3386
%GJ%2	100	0.5562
%GJ%3	200	0.8464
%GJ%4	400	1.1971
#KF#试验方法																															
#ZJ#快剪				18.18	45.4		
#QY#11	41.7	0.20		2.03	2.71	21.2	24.5	16.1																			
#SX# 					
#GJ#常规	20						0.09	17.98									0.618	0.610	0.605	0.596		0.582																			
#GY#																						
%GJ%1	50	0.0989
%GJ%2	100	0.1607
%GJ%3	200	0.2719
%GJ%4	400	0.4450
#KF#试验方法																															
#ZJ#快剪				27.08	13.3		
#QY#12	53.7	0.20																									
#SX# 					
#GJ#常规	20																																								
#GY#																						
#KF#试验方法														57	57	43		43			0.003		0.020		0.106			0.225		38.85	1.43
#ZJ#快剪							
#QY#13	57.7	0.20		1.95	2.72	24.3	28.8	17.2																			
#SX# 					
#GJ#常规	20						0.33	5.25									0.734	0.703	0.683	0.650		0.611																			
#GY#0.11	15.41			0.07	25.22													0.566			0.511	
%GJ%1	50	0.3576
%GJ%2	100	0.5882
%GJ%3	200	0.9689
%GJ%4	400	1.4187
%GJ%5	800	1.9377
%GJ%6	1600	2.5721
#KF#试验方法																															
#ZJ#快剪				15.33	35.4		
#QY#14	63.7	0.20																									
#SX# 					
#GJ#常规	20																																								
#GY#																						
#KF#试验方法												2.9		77.9	77.9	19.2		19.2			0.009		0.088		0.140			0.242		14.78	5.85
#ZJ#快剪							
#QY#15	71.7	0.20		1.92	2.73	30.8	35.0	19.9																			
#SX# 					
#GJ#常规	20						0.37	5.03									0.860	0.822	0.797	0.760		0.708																			
#GY#0.16	11.45			0.09	19.84													0.643			0.568	
%GJ%1	50	0.4086
%GJ%2	100	0.6774
%GJ%3	200	1.0753
%GJ%4	400	1.6344
%GJ%5	800	2.3333
%GJ%6	1600	3.1398
#KF#试验方法																															
#ZJ#快剪				16.38	36.1		
#ZK#Z22					
#QY#1	.6	0.30		1.88	2.72	29.3	31.6	19.7					.313	.532	.313												
#SX# 					
#GJ#常规	20						0.37	5.06									0.871	0.831	0.804	0.767		0.727																			
#GY#																						
%GJ%1	50	0.4276
%GJ%2	100	0.7162
%GJ%3	200	1.1117
%GJ%4	400	1.5393
#KF#试验方法																															
#ZJ#快剪				16.24	34.7		
#QY#2	2.6	0.30		1.90	2.72	31.7	33.5	21.1					.222	.341	.222												
#SX# 					
#GJ#常规	20						0.35	5.39									0.885	0.848	0.823	0.788		0.744																			
#GY#																						
%GJ%1	50	0.3926
%GJ%2	100	0.6578
%GJ%3	200	1.0292
%GJ%4	400	1.4960
#KF#试验方法																															
#ZJ#快剪				15.10	32.3		
#QY#3	4.6	0.30		1.94	2.71	27.3	29.6	20.1					27.1	44	27.1												
#SX# 					
#GJ#常规	20						0.17	10.46									0.778	0.761	0.748	0.731		0.707																			
#GY#																						
%GJ%1	50	0.1912
%GJ%2	100	0.3375
%GJ%3	200	0.5287
%GJ%4	400	0.7987
#KF#试验方法																															
#ZJ#快剪				28.20	13.3		
#QY#4	6.6	0.30		2.03	2.71	23.5	27.0	17.3					11.6	42.6	11.6												
#SX# 					
#GJ#常规	20						0.12	13.74									0.649	0.631	0.621	0.609		0.594																			
#GY#																						
%GJ%1	50	0.2183
%GJ%2	100	0.3396
%GJ%3	200	0.4851
%GJ%4	400	0.6671
#KF#试验方法														13.5	13.5	15	64	82.2		4.3	0.011		0.018		0.038			0.159	4.3	3.45	0.78
#ZJ#快剪				27.08	11.6		
#QY#5	8.6	0.30		1.91	2.71	30.6	31.9	22.1					15.3	20.2	15.3												
#SX# 					
#GJ#常规	20						0.15	12.35									0.853	0.837	0.826	0.811		0.790																			
#GY#																						
%GJ%1	50	0.1727
%GJ%2	100	0.2914
%GJ%3	200	0.4533
%GJ%4	400	0.6800
#KF#试验方法																															
#ZJ#快剪				27.02	12.7		
#QY#6	10.6	0.30		1.92	2.71	25.9	28.5	18.6					11.4	27.5	11.4												
#SX# 					
#GJ#常规	20						0.14	12.69									0.777	0.764	0.755	0.741		0.724																			
#GY#																						
%GJ%1	50	0.1463
%GJ%2	100	0.2476
%GJ%3	200	0.4052
%GJ%4	400	0.5965
#KF#试验方法														10	10	14.8	66	84		6.0	0.011		0.017		0.035			0.136	6.0	3.18	0.75
#ZJ#快剪				26.97	13.5		
#QY#7	12.6	0.30		1.96	2.71	27.1	29.2	20.0					24	42.9	24												
#SX# 					
#GJ#常规	20						0.15	11.72									0.757	0.736	0.722	0.707		0.685																			
#GY#																						
%GJ%1	50	0.2390
%GJ%2	100	0.3984
%GJ%3	200	0.5692
%GJ%4	400	0.8196
#KF#试验方法																															
#ZJ#快剪				26.20	12.1		
#QY#8	14.6	0.30		1.95	2.71	26.8	28.9	19.3					19.1	23.1	19.1												
#SX# 					
#GJ#常规	20						0.19	9.27									0.762	0.748	0.737	0.718		0.693																			
#GY#																						
%GJ%1	50	0.1589
%GJ%2	100	0.2838
%GJ%3	200	0.4994
%GJ%4	400	0.7832
#KF#试验方法														13.2	13.2	17.1	62.4	82.9		3.9	0.011		0.019		0.039			0.157	3.9	3.55	0.84
#ZJ#快剪				26.00	14.3		
#QY#9	22.7	0.20		1.81	2.73	40.3	37.0	20.5																			
#SX# 					
#GJ#常规	20						0.85	2.49									1.116	1.009	0.943	0.858		0.774																			
#GY#																						
%GJ%1	50	1.0113
%GJ%2	100	1.6352
%GJ%3	200	2.4386
%GJ%4	400	3.2325
#KF#试验方法																															
#ZJ#快剪				10.18	14.5		
#QY#10	32.7	0.20		1.81	2.73	37.5	36.8	20.4																			
#SX# 					
#GJ#常规	20						0.68	3.05									1.074	0.977	0.935	0.867		0.773																			
#GY#																						
%GJ%1	50	0.9354
%GJ%2	100	1.3404
%GJ%3	200	1.9961
%GJ%4	400	2.9026
#KF#试验方法																															
#ZJ#快剪				11.19	14.2		
#QY#11	38.7	0.20		1.99	2.73	26.8	33.6	19.5																			
#SX# 					
#GJ#常规	20						0.18	9.66									0.740	0.717	0.704	0.686		0.659																			
#GY#																						
%GJ%1	50	0.2644
%GJ%2	100	0.4138
%GJ%3	200	0.6207
%GJ%4	400	0.9310
#KF#试验方法																															
#ZJ#快剪				16.40	43.0		
#QY#12	42.7	0.20		2.07	2.71	19.2	24.2	16.0																			
#SX# 					
#GJ#常规	20						0.07	22.29									0.561	0.549	0.542	0.535		0.526																			
#GY#																						
%GJ%1	50	0.1537
%GJ%2	100	0.2434
%GJ%3	200	0.3331
%GJ%4	400	0.4484
#KF#试验方法																															
#ZJ#快剪				27.66	12.9		
#QY#13	48.7	0.20		2.07	2.71	20.3	24.6	16.5																			
#SX# 					
#GJ#常规	20						0.09	17.50									0.575	0.563	0.555	0.546		0.537																			
#GY#																						
%GJ%1	50	0.1524
%GJ%2	100	0.2540
%GJ%3	200	0.3683
%GJ%4	400	0.4825
#KF#试验方法																															
#ZJ#快剪				26.55	13.7		
#QY#14	60.7	0.20		1.93	2.72	25.4	28.8	17.4																			
#SX# 					
#GJ#常规	20						0.29	6.09									0.767	0.730	0.706	0.677		0.646																			
#GY#0.09	19.10			0.06	31.41													0.609			0.564	
%GJ%1	50	0.4188
%GJ%2	100	0.6904
%GJ%3	200	1.0187
%GJ%4	400	1.3696
%GJ%5	800	1.7883
%GJ%6	1600	2.2977
#KF#试验方法																															
#ZJ#快剪				16.75	40.5		
#QY#15	72.7	0.20		1.80	2.74	37.2	39.6	21.3																			
#SX# 					
#GJ#常规	20						0.43	4.86									1.088	1.041	1.010	0.967		0.914																			
#GY#0.20	10.44			0.16	12.95													0.834			0.705	
%GJ%1	50	0.4502
%GJ%2	100	0.7471
%GJ%3	200	1.1590
%GJ%4	400	1.6667
%GJ%5	800	2.4330
%GJ%6	1600	3.6686
#KF#试验方法																															
#ZJ#快剪				13.36	24.5		
#QY#R1	54.7	0.20	1																								
#SX# 					
#GJ#常规	20																																								
#GY#																						
#KF#试验方法											4.6	34.8		45.3	45.3	15.3		15.3			0.017		0.109		0.245			0.496		14.68	2.92
#ZJ#快剪							
#QY#R2	64.7	0.20	1																								
#SX# 					
#GJ#常规	20																																								
#GY#																						
#KF#试验方法									2		10	66.6		16.5	16.5	4.9		4.9			0.108		0.274		0.374			1.327		3.47	1.86
#ZJ#快剪							
#ZK#Z41					
#QY#1	.6	0.30		1.85	2.72	30.1	32.2	18.7																	33.76	24.77	1.36
#SX# 					
#GJ#常规	20						0.42	4.55									0.913	0.866	0.837	0.795		0.735																			
#GY#																						
%GJ%1	50	0.4914
%GJ%2	100	0.7946
%GJ%3	200	1.2337
%GJ%4	400	1.8610
#KF#试验方法																															
#ZJ#快剪							
#QY#2	2.6	0.30		1.79	2.73	39.0	35.2	20.0																	28.23	6.34	4.45
#SX# 					
#GJ#常规	20						0.60	3.53									1.120	1.051	1.003	0.943		0.870																			
#GY#																						
%GJ%1	50	0.6509
%GJ%2	100	1.1038
%GJ%3	200	1.6698
%GJ%4	400	2.3585
#KF#试验方法																															
#ZJ#快剪							
#QY#3	4.6	0.30		1.98	2.71	24.1	26.7	17.2																	91.16		
#SX# 					
#GJ#常规	20						0.14	12.13									0.699	0.684	0.674	0.660		0.641																			
#GY#																						
%GJ%1	50	0.1766
%GJ%2	100	0.2943
%GJ%3	200	0.4591
%GJ%4	400	0.6828
#KF#试验方法														15.1	15.1	15.3	60.2	79.7		5.2	0.011		0.018		0.039			0.166	5.2	3.55	0.76
#ZJ#快剪							
#QY#4	6.6	0.30		1.92	2.71	25.9	27.2	17.5																	84.33		
#SX# 					
#GJ#常规	20						0.10	17.77									0.777	0.760	0.751	0.741		0.728																			
#GY#																						
%GJ%1	50	0.1913
%GJ%2	100	0.2926
%GJ%3	200	0.4052
%GJ%4	400	0.5515
#KF#试验方法																															
#ZJ#快剪							
#QY#5	8.6	0.30		1.89	2.71	27.9	29.3	20.0																	105.20		
#SX# 					
#GJ#常规	20						0.17	10.79									0.834	0.811	0.795	0.778		0.759																			
#GY#																						
%GJ%1	50	0.2508
%GJ%2	100	0.4253
%GJ%3	200	0.6107
%GJ%4	400	0.8179
#KF#试验方法																															
#ZJ#快剪							
#QY#6	10.6	0.30		1.83	2.71	31.6	32.7	22.9																	82.50		
#SX# 					
#GJ#常规	20						0.24	8.12									0.949	0.922	0.904	0.880		0.847																			
#GY#																						
%GJ%1	50	0.2771
%GJ%2	100	0.4618
%GJ%3	200	0.7081
%GJ%4	400	1.0467
#KF#试验方法																															
#ZJ#快剪							
#QY#7	12.6	0.30		1.81	2.71	34.8	35.5	25.9																	72.30		
#SX# 					
#GJ#常规	20						0.25	8.07									1.018	0.996	0.977	0.952		0.919																			
#GY#																						
%GJ%1	50	0.2180
%GJ%2	100	0.4063
%GJ%3	200	0.6541
%GJ%4	400	0.9812
#KF#试验方法																															
#ZJ#快剪							
#QY#8	14.6	0.30		1.91	2.71	26.5	28.5	18.8																	92.65		
#SX# 					
#GJ#常规	20						0.11	16.32									0.795	0.781	0.774	0.763		0.751																			
#GY#																						
%GJ%1	50	0.1560
%GJ%2	100	0.2340
%GJ%3	200	0.3565
%GJ%4	400	0.4903
#KF#试验方法														7.2	7.2	15.8	68.7	87.4		5.4	0.011		0.017		0.034			0.107	5.4	3.09	0.77
#ZJ#快剪							
#QY#9	22.7	0.20		1.88	2.72	30.6	33.0	19.2																			
#SX# 					
#GJ#常规	20						0.36	5.25									0.890	0.846	0.822	0.786		0.749																			
#GY#																						
%GJ%1	50	0.4656
%GJ%2	100	0.7196
%GJ%3	200	1.1005
%GJ%4	400	1.4921
#KF#试验方法																															
#ZJ#快剪				15.83	30.6		
#QY#10	32.7	0.20		1.80	2.73	33.8	35.3	20.0																			
#SX# 					
#GJ#常规	20						0.59	3.44									1.029	0.967	0.927	0.868		0.782																			
#GY#																						
%GJ%1	50	0.6111
%GJ%2	100	1.0054
%GJ%3	200	1.5870
%GJ%4	400	2.4347
#KF#试验方法																															
#ZJ#快剪				12.51	21.8		
#QY#11	38.7	0.20		2.03	2.72	22.0	31.5	18.5																			
#SX# 					
#GJ#常规	20						0.14	11.68									0.635	0.619	0.611	0.597		0.578																			
#GY#																						
%GJ%1	50	0.1957
%GJ%2	100	0.2936
%GJ%3	200	0.4648
%GJ%4	400	0.6972
#KF#试验方法																															
#ZJ#快剪				22.23	61.4		
#QY#12	42.7	0.20		1.99	2.71	22.4	26.5	18.8																			
#SX# 					
#GJ#常规	20						0.09	18.52									0.667	0.653	0.646	0.637		0.623																			
#GY#																						
%GJ%1	50	0.1680
%GJ%2	100	0.2519
%GJ%3	200	0.3599
%GJ%4	400	0.5279
#KF#试验方法																															
#ZJ#快剪							
#QY#13	48.7	0.20		2.10	2.71	19.6	25.0	15.5																			
#SX# 					
#GJ#常规	20						0.11	14.03									0.543	0.526	0.518	0.507		0.494																			
#GY#																						
%GJ%1	50	0.2203
%GJ%2	100	0.3240
%GJ%3	200	0.4666
%GJ%4	400	0.6351
#KF#试验方法																															
#ZJ#快剪				26.61	13.6		
#QY#14	62.7	0.20		2.00	2.72	22.2	26.3	15.3																			
#SX# 					
#GJ#常规	20						0.27	6.16									0.662	0.635	0.617	0.590		0.561																			
#GY#0.08	20.78			0.05	31.66													0.529			0.487	
%GJ%1	50	0.3249
%GJ%2	100	0.5415
%GJ%3	200	0.8664
%GJ%4	400	1.2154
%GJ%5	800	1.6005
%GJ%6	1600	2.1059
#KF#试验方法																															
#ZJ#快剪				17.30	36.6		
#QY#15	71.7	0.20		1.95	2.72	26.7	29.9	18.2																			
#SX# 					
#GJ#常规	20						0.29	6.09									0.767	0.736	0.717	0.688		0.651																			
#GY#0.11	16.44			0.06	27.18													0.608			0.556	
%GJ%1	50	0.3509
%GJ%2	100	0.5659
%GJ%3	200	0.8942
%GJ%4	400	1.3130
%GJ%5	800	1.7997
%GJ%6	1600	2.3882
#KF#试验方法																															
#ZJ#快剪				18.69	39.8		
#QY#R1	52.7	0.20	1																								
#SX# 					
#GJ#常规	20																																								
#GY#																						
#KF#试验方法									3.8		27.8	26.5		28.9	28.9	13		13			0.028		0.151		0.402			1.892		14.38	2.04
#ZJ#快剪							
#QY#R2	67.7	0.20	1																								
#SX# 					
#GJ#常规	20																																								
#GY#																						
#KF#试验方法									3		28	26.7		29.2	29.2	13.1		13.1			0.027		0.149		0.396			1.802		14.57	2.08
#ZJ#快剪							
#QY#R3	74.7	0.20	1																								
#SX# 					
#GJ#常规	20																																								
#GY#																						
#KF#试验方法									.9		6.4	34		45.1	45.1	13.6		13.6			0.024		0.115		0.257			0.824		10.85	2.17
#ZJ#快剪							
#ZK#Z6					
#QY#1	1.1	0.30		1.98	2.72	24.5	28.3	17.0																	72.67	26.63	2.73
#SX# 					
#GJ#常规	20						0.29	5.90									0.710	0.676	0.654	0.625		0.587																			
#GY#																						
%GJ%1	50	0.3977
%GJ%2	100	0.6550
%GJ%3	200	0.9942
%GJ%4	400	1.4386
#KF#试验方法																															
#ZJ#快剪							
#QY#2	3.1	0.30		1.90	2.72	31.3	33.2	19.3																	36.03	11.19	3.22
#SX# 					
#GJ#常规	20						0.36	5.22									0.880	0.839	0.809	0.773		0.731																			
#GY#																						
%GJ%1	50	0.4362
%GJ%2	100	0.7553
%GJ%3	200	1.1383
%GJ%4	400	1.5851
#KF#试验方法																															
#ZJ#快剪							
#QY#3	5.1	0.30																									
#SX# 					
#GJ#常规	20																																								
#GY#																						
#KF#试验方法																															
#ZJ#快剪							
#QY#4	7.1	0.30																									
#SX# 					
#GJ#常规	20																																								
#GY#																						
#KF#试验方法																															
#ZJ#快剪							
#QY#5	9.1	0.30																									
#SX# 					
#GJ#常规	20																																								
#GY#																						
#KF#试验方法																															
#ZJ#快剪							
#QY#6	11.1	0.30																									
#SX# 					
#GJ#常规	20																																								
#GY#																						
#KF#试验方法																															
#ZJ#快剪							
#QY#R1	11.1	0.30	1																								
#SX# 					
#GJ#常规	20																																								
#GY#																						
#KF#试验方法																															
#ZJ#快剪							
#QY#7	13.1	0.30																									
#SX# 					
#GJ#常规	20																																								
#GY#																						
#KF#试验方法																															
#ZJ#快剪							
#QY#8	15.1	0.30																									
#SX# 					
#GJ#常规	20																																								
#GY#																						
#KF#试验方法																															
#ZJ#快剪							
#QY#9	20.7	0.20		1.80	2.73	39.1	35.2	20.0																			
#SX# 					
#GJ#常规	20						0.79	2.67									1.110	1.021	0.956	0.877		0.783																			
#GY#																						
%GJ%1	50	0.8436
%GJ%2	100	1.4597
%GJ%3	200	2.2085
%GJ%4	400	3.0995
#KF#试验方法																															
#ZJ#快剪				10.16	13.8		
#QY#10	28.7	0.20																									
#SX# 					
#GJ#常规	20																																								
#GY#																						
#KF#试验方法																															
#ZJ#快剪							
#QY#11	34.7	0.20		1.74	2.74	43.4	40.0	21.5																			
#SX# 					
#GJ#常规	20						0.86	2.63									1.258	1.152	1.087	1.001		0.896																			
#GY#																						
%GJ%1	50	0.9389
%GJ%2	100	1.5146
%GJ%3	200	2.2764
%GJ%4	400	3.2064
#KF#试验方法																															
#ZJ#快剪				9.18	13.5		
#QY#12	38.7	0.20		1.98	2.72	28.0	33.0	19.2																			
#SX# 					
#GJ#常规	20						0.26	6.76									0.758	0.729	0.707	0.681		0.652																			
#GY#																						
%GJ%1	50	0.3299
%GJ%2	100	0.5802
%GJ%3	200	0.8760
%GJ%4	400	1.2059
#KF#试验方法																															
#ZJ#快剪				17.22	41.5		
#QY#13	60.7	0.20		1.74	2.75	41.4	42.0	22.5																			
#SX# 					
#GJ#常规	20						0.68	3.29									1.235	1.166	1.114	1.046		0.959																			
#GY#0.28	7.98			0.16	14.19													0.847			0.721	
%GJ%1	50	0.6174
%GJ%2	100	1.0828
%GJ%3	200	1.6913
%GJ%4	400	2.4698
%GJ%5	800	3.4720
%GJ%6	1600	4.5996
#KF#试验方法																															
#ZJ#快剪				11.88	21.5		
#QY#14	82.7	0.20																									
#SX# 					
#GJ#常规	20																																								
#GY#																						
#KF#试验方法																															
#ZJ#快剪							
#QY#15	88.7	0.20		1.98	2.72	23.9	32.7	19.0																			
#SX# 					
#GJ#常规	20						0.23	7.40									0.702	0.682	0.668	0.645		0.615																			
#GY#0.12	14.80			0.07	22.69													0.569			0.509	
%GJ%1	50	0.2350
%GJ%2	100	0.3995
%GJ%3	200	0.6698
%GJ%4	400	1.0223
%GJ%5	800	1.5629
%GJ%6	1600	2.2679
#KF#试验方法																															
#ZJ#快剪				20.03	59.9		
#QY#R2	43.1	0.30	1		2.71	21.2	24.5	16.2																			
#SX# 					
#GJ#常规	20																																								
#GY#																						
#KF#试验方法																															
#ZJ#快剪							
#QY#R3	53.1	0.30	1		2.71	20.3	25.0	15.5																			
#SX# 					
#GJ#常规	20																																								
#GY#																						
#KF#试验方法																															
#ZJ#快剪							
#QY#R4	73.1	0.30	1																								
#SX# 					
#GJ#常规	20																																								
#GY#																						
#KF#试验方法											17.2	26.8		40.1	40.1	15.9		15.9			0.015		0.113		0.277			1.336		18.47	3.08
#ZJ#快剪							
#QY#R6	78.7	0.20	1																								
#SX# 					
#GJ#常规	20																																								
#GY#																						
#KF#试验方法											15.4	26.6		40.1	40.1	17.9		17.9			0.011		0.107		0.263			1.273		23.46	3.85
#ZJ#快剪							
#QY#R5	92.7	0.20	1																								
#SX# 					
#GJ#常规	20																																								
#GY#																						
#KF#试验方法											1.8	7.9		69.4	69.4	20.9		20.9			0.008		0.087		0.147			0.375		18.51	6.56
#ZJ#快剪							
#ZK#Z18					
#QY#1	2.6	0.30		1.93	2.72	27.3	29.9	18.3					.466	.741	.466												
#SX# 					
#GJ#常规	20						0.31	5.79									0.794	0.765	0.744	0.713		0.674																			
#GY#																						
%GJ%1	50	0.3233
%GJ%2	100	0.5574
%GJ%3	200	0.9030
%GJ%4	400	1.3378
#KF#试验方法																															
#ZJ#快剪				16.96	31.5		
#QY#2	4.6	0.30		1.89	2.72	29.5	32.0	19.3					.253	.443	.253												
#SX# 					
#GJ#常规	20						0.37	5.04									0.864	0.829	0.806	0.769		0.729																			
#GY#																						
%GJ%1	50	0.3755
%GJ%2	100	0.6223
%GJ%3	200	1.0193
%GJ%4	400	1.4485
#KF#试验方法																															
#ZJ#快剪				16.23	31.4		
#QY#3	6.6	0.30		2.05	2.71	22.5	25.5	16.6					18.9	23.2	18.9												
#SX# 					
#GJ#常规	20						0.11	14.72									0.619	0.604	0.596	0.585		0.570																			
#GY#																						
%GJ%1	50	0.1853
%GJ%2	100	0.2841
%GJ%3	200	0.4200
%GJ%4	400	0.6053
#KF#试验方法														18.7	18.7	17.1	57.6	77.7		3.6	0.012		0.02		0.045			0.18	3.6	3.75	0.74
#ZJ#快剪				27.70	12.7		
#QY#4	8.6	0.30		1.97	2.71	28.3	30.3	20.9					28.6	42.9	28.6												
#SX# 					
#GJ#常规	20						0.19	9.29									0.765	0.747	0.733	0.714		0.689																			
#GY#																						
%GJ%1	50	0.2040
%GJ%2	100	0.3626
%GJ%3	200	0.5779
%GJ%4	400	0.8612
#KF#试验方法																															
#ZJ#快剪				26.71	16.5		
#QY#5	10.6	0.30		1.94	2.71	24.6	27.4	17.8					19.5	49.8	19.5												
#SX# 					
#GJ#常规	20						0.11	15.82									0.741	0.728	0.719	0.708		0.692																			
#GY#																						
%GJ%1	50	0.1493
%GJ%2	100	0.2527
%GJ%3	200	0.3791
%GJ%4	400	0.5629
#KF#试验方法														11.2	11.2	29.9	51.4	85.1		3.7	0.011		0.021		0.051			0.144	3.7	4.64	0.79
#ZJ#快剪				26.97	13.5		
#QY#6	12.6	0.30		1.91	2.72	28.7	30.6	18.2					.285	.351	.285												
#SX# 					
#GJ#常规	20						0.31	5.91									0.833	0.797	0.776	0.745		0.709																			
#GY#																						
%GJ%1	50	0.3928
%GJ%2	100	0.6219
%GJ%3	200	0.9602
%GJ%4	400	1.3530
#KF#试验方法																															
#ZJ#快剪				16.23	31.9		
#QY#7	14.6	0.30		1.83	2.72	31.5	32.4	18.8					.28	.375	.28												
#SX# 					
#GJ#常规	20						0.55	3.55									0.955	0.879	0.833	0.778		0.703																			
#GY#																						
%GJ%1	50	0.7775
%GJ%2	100	1.2481
%GJ%3	200	1.8107
%GJ%4	400	2.5780
#KF#试验方法																															
#ZJ#快剪				14.47	21.4		
#QY#8	21.1	0.20		1.93	2.71	25.1	27.2	17.7																			
#SX# 					
#GJ#常规	20						0.21	8.36									0.757	0.734	0.718	0.697		0.675																			
#GY#																						
%GJ%1	50	0.2618
%GJ%2	100	0.4439
%GJ%3	200	0.6830
%GJ%4	400	0.9334
#KF#试验方法																															
#ZJ#快剪				26.87	12.6		
#QY#9	31.1	0.20		1.77	2.76	42.6	43.6	22.5																			
#SX# 					
#GJ#常规	20						0.65	3.42									1.224	1.149	1.106	1.041		0.955																			
#GY#																						
%GJ%1	50	0.6745
%GJ%2	100	1.0612
%GJ%3	200	1.6457
%GJ%4	400	2.4191
#KF#试验方法																															
#ZJ#快剪				11.08	21.5		
#QY#10	39.1	0.20		1.98	2.73	25.8	35.0	19.9																			
#SX# 					
#GJ#常规	20						0.17	10.20									0.735	0.714	0.700	0.683		0.659																			
#GY#																						
%GJ%1	50	0.2421
%GJ%2	100	0.4035
%GJ%3	200	0.5994
%GJ%4	400	0.8761
#KF#试验方法																															
#ZJ#快剪				23.84	58.7		
#QY#11	54.7	0.20		1.99	2.71	22.1	25.5	17.0																			
#SX# 					
#GJ#常规	20						0.18	9.24									0.663	0.637	0.624	0.606		0.584																			
#GY#0.08	21.46			0.05	35.01													0.553			0.515	
%GJ%1	50	0.3127
%GJ%2	100	0.4690
%GJ%3	200	0.6855
%GJ%4	400	0.9501
%GJ%5	800	1.3229
%GJ%6	1600	1.7799
#KF#试验方法																															
#ZJ#快剪				26.69	14.4		
#QY#12	62.7	0.20		2.01	2.71	22.4	25.1	16.5																			
#SX# 					
#GJ#常规	20						0.14	11.79									0.650	0.635	0.625	0.611		0.596																			
#GY#0.05	33.00			0.03	47.14													0.576			0.548	
%GJ%1	50	0.1818
%GJ%2	100	0.3030
%GJ%3	200	0.4727
%GJ%4	400	0.6545
%GJ%5	800	0.8970
%GJ%6	1600	1.2364
#KF#试验方法																															
#ZJ#快剪				26.56	12.4		
#QY#13	69.1	0.20		2.00	2.72	25.0	31.1	18.5																			
#SX# 					
#GJ#常规	20						0.24	7.08									0.700	0.681	0.664	0.640		0.611																			
#GY#0.08	20.61			0.06	30.22													0.578			0.533	
%GJ%1	50	0.2235
%GJ%2	100	0.4235
%GJ%3	200	0.7059
%GJ%4	400	1.0471
%GJ%5	800	1.4353
%GJ%6	1600	1.9647
#KF#试验方法																															
#ZJ#快剪				17.65	44.4		
#QY#R1	44.7	0.20	1		2.71	20.3	24.2	15.1																			
#SX# 					
#GJ#常规	20																																								
#GY#																						
#KF#试验方法																															
#ZJ#快剪							
#QY#R2	50.7	0.20	1		2.71	19.9	24.8	15.3																			
#SX# 					
#GJ#常规	20																																								
#GY#																						
#KF#试验方法																															
#ZJ#快剪							
#QY#R3	66.7	0.20	1																								
#SX# 					
#GJ#常规	20																																								
#GY#																						
#KF#试验方法											3	10.3		68.7	68.7	18		18			0.011		0.092		0.155			0.436		14.05	4.89
#ZJ#快剪							
#QY#R4	72.7	0.20	1																								
#SX# 					
#GJ#常规	20																																								
#GY#																						
#KF#试验方法											2.4	8.6		70.4	70.4	18.6		18.6			0.010		0.090		0.151			0.404		14.90	5.33
#ZJ#快剪							
#ZK#Z44					
#QY#R1	10	0.45	1		2.71	30.2	31.6	22.0																			
#SX# 					
#GJ#常规	20																																								
#GY#																						
#KF#试验方法																															
#ZJ#快剪							
#QY#R2	44	0.40	1		2.71	23.3	26.5	17.2																			
#SX# 					
#GJ#常规	20																																								
#GY#																						
#KF#试验方法																															
#ZJ#快剪							
#QY#R3	50	0.40	1																								
#SX# 					
#GJ#常规	20																																								
#GY#																						
#KF#试验方法											16.2	26.7		41.4	41.4	15.7		15.7			0.016		0.112		0.269			1.305		17.35	3.01
#ZJ#快剪							
#QY#R4	56	0.40	1																								
#SX# 					
#GJ#常规	20																																								
#GY#																						
#KF#试验方法											16.6	26.7		40.5	40.5	16.2		16.2			0.014		0.112		0.272			1.315		18.79	3.17
#ZJ#快剪							
#QY#R5	66	0.40	1																								
#SX# 					
#GJ#常规	20																																								
#GY#																						
#KF#试验方法											2.8	9.7		69	69	18.5		18.5			0.010		0.091		0.154			0.428		14.90	5.21
#ZJ#快剪							
#ZK#Z89					
#QY#1	1.25	0.20		1.91	2.72	27.4	31.5	18.5																			
#SX# 					
#GJ#常规	20						0.24	7.56									0.814	0.783	0.763	0.739		0.713																			
#GY#																						
%GJ%1	50	0.3418
%GJ%2	100	0.5623
%GJ%3	200	0.8269
%GJ%4	400	1.1136
#KF#试验方法																															
#ZJ#快剪				14.55	35.1		
#QY#2	2.75	0.20		1.88	2.72	28.7	33.0	19.2																			
#SX# 					
#GJ#常规	20						0.33	5.64									0.862	0.829	0.807	0.774		0.729																			
#GY#																						
%GJ%1	50	0.3545
%GJ%2	100	0.5908
%GJ%3	200	0.9452
%GJ%4	400	1.4286
#KF#试验方法																															
#ZJ#快剪				15.84	35.0		
#QY#3	4.75	0.20		1.92	2.71	27.3	29.4	20.0																			
#SX# 					
#GJ#常规	20						0.18	9.98									0.797	0.774	0.762	0.744		0.719																			
#GY#																						
%GJ%1	50	0.2560
%GJ%2	100	0.3895
%GJ%3	200	0.5899
%GJ%4	400	0.8681
#KF#试验方法																															
#ZJ#快剪				26.54	13.3		
#QY#R1	5.1	0.30	1		2.71	26.4	28.3	19.0																			
#SX# 					
#GJ#常规	20																																								
#GY#																						
#KF#试验方法														8	8	20.5	61.6	86		6.0	0.01		0.017		0.037			0.117	6.0	3.70	0.78
#ZJ#快剪							
#QY#R2	7.1	0.30	1		2.71	25.9	27.6	18.1																			
#SX# 					
#GJ#常规	20																																								
#GY#																						
#KF#试验方法														10.3	10.3	18.2	61.2	83.1		6.6	0.009		0.017		0.037			0.138	6.6	4.11	0.87
#ZJ#快剪							
#QY#R3	9.1	0.30	1		2.71	27.4	29.5	19.9																			
#SX# 					
#GJ#常规	20																																								
#GY#																						
#KF#试验方法																															
#ZJ#快剪							
#QY#R4	11.1	0.30	1		2.71	25.6	27.7	18.3																			
#SX# 					
#GJ#常规	20																																								
#GY#																						
#KF#试验方法														13.7	13.7	13	63.3	79.2		7.1	0.01		0.017		0.036			0.16	7.1	3.60	0.80
#ZJ#快剪							
#QY#R5	13.1	0.30	1		2.71	25.4	27.3	17.6																			
#SX# 					
#GJ#常规	20																																								
#GY#																						
#KF#试验方法														6.7	6.7	16.5	66.3	87		6.3	0.009		0.017		0.034			0.099	6.3	3.78	0.94
#ZJ#快剪							
#QY#R6	15.1	0.30	1		2.71	28.7	29.8	20.2																			
#SX# 					
#GJ#常规	20																																								
#GY#																						
#KF#试验方法																															
#ZJ#快剪							
#QY#R7	17.1	0.30	1																								
#SX# 					
#GJ#常规	20																																								
#GY#																						
#KF#试验方法												1		70.1	70.1	28.9		28.9			0.004		0.076		0.127			0.233		28.47	10.35
#ZJ#快剪							
#QY#4	22.75	0.20		1.83	2.72	31.9	34.9	21.1																			
#SX# 					
#GJ#常规	20						0.56	3.50									0.960	0.896	0.853	0.797		0.735																			
#GY#																						
%GJ%1	50	0.6531
%GJ%2	100	1.0918
%GJ%3	200	1.6633
%GJ%4	400	2.2959
#KF#试验方法																															
#ZJ#快剪				13.83	26.0		
#QY#5	32.75	0.20		1.74	2.74	39.0	40.3	21.6																			
#SX# 					
#GJ#常规	20						0.62	3.53									1.189	1.122	1.079	1.017		0.923																			
#GY#																						
%GJ%1	50	0.6122
%GJ%2	100	1.0050
%GJ%3	200	1.5715
%GJ%4	400	2.4303
#KF#试验方法																															
#ZJ#快剪				12.79	28.7		
#QY#6	42.75	0.20		1.94	2.72	24.7	28.6	17.3																			
#SX# 					
#GJ#常规	20						0.33	5.30									0.748	0.704	0.678	0.645		0.595																			
#GY#																						
%GJ%1	50	0.5034
%GJ%2	100	0.8009
%GJ%3	200	1.1785
%GJ%4	400	1.7506
#KF#试验方法																															
#ZJ#快剪				17.27	22.5		
#QY#7	48.75	0.20		2.03	2.71	20.3	24.2	15.1																			
#SX# 					
#GJ#常规	20						0.11	14.60									0.606	0.589	0.580	0.569		0.556																			
#GY#																						
%GJ%1	50	0.2117
%GJ%2	100	0.3238
%GJ%3	200	0.4608
%GJ%4	400	0.6227
#KF#试验方法																															
#ZJ#快剪				26.66	12.7		
#QY#8	60.75	0.20		1.87	2.72	28.9	33.1	19.3																			
#SX# 					
#GJ#常规	20						0.35	5.36									0.875	0.840	0.817	0.782		0.740																			
#GY#0.15	12.93			0.09	21.13													0.682			0.611	
%GJ%1	50	0.3733
%GJ%2	100	0.6187
%GJ%3	200	0.9920
%GJ%4	400	1.4400
%GJ%5	800	2.0587
%GJ%6	1600	2.8160
#KF#试验方法																															
#ZJ#快剪				16.53	31.2		
#QY#9	66.75	0.20		1.96	2.72	26.3	32.7	19.0																			
#SX# 					
#GJ#常规	20						0.28	6.26									0.753	0.719	0.697	0.669		0.626																			
#GY#0.16	11.31			0.11	16.31													0.564			0.478	
%GJ%1	50	0.3879
%GJ%2	100	0.6389
%GJ%3	200	0.9584
%GJ%4	400	1.4489
%GJ%5	800	2.1563
%GJ%6	1600	3.1375
#KF#试验方法																															
#ZJ#快剪				15.40	41.2		
#QY#10	82.75	0.20		2.06	2.73	20.7	35.2	20.0																			
#SX# 					
#GJ#常规	20						0.18	8.89									0.600	0.581	0.568	0.550		0.524																			
#GY#0.09	17.78			0.06	27.23													0.488			0.441	
%GJ%1	50	0.2375
%GJ%2	100	0.4000
%GJ%3	200	0.6250
%GJ%4	400	0.9500
%GJ%5	800	1.4000
%GJ%6	1600	1.9875
#KF#试验方法																															
#ZJ#快剪				24.02	71.7		
#QY#11	90.75	0.30		1.99	2.74	27.0	40.5	21.6																			
#SX# 					
#GJ#常规	20						0.13	13.45									0.749	0.728	0.717	0.704		0.689																			
#GY#0.05	34.98			0.04	41.15													0.669			0.635	
%GJ%1	50	0.2401
%GJ%2	100	0.3659
%GJ%3	200	0.5146
%GJ%4	400	0.6861
%GJ%5	800	0.9148
%GJ%6	1600	1.3036
#KF#试验方法																															
#ZJ#快剪				22.78	84.0		
#QY#R8	54.75	0.20	1																								
#SX# 					
#GJ#常规	20																																								
#GY#																						
#KF#试验方法						8.3			21.3		37.4	7.7		3.7	3.7	21.6		21.6			0.007		0.381		1.361			26.390		184.48	14.46
#ZJ#快剪							
#QY#R9	74.75	0.20	1		2.71	28.9	30.1	20.5																			
#SX# 					
#GJ#常规	20																																								
#GY#																						
#KF#试验方法																															
#ZJ#快剪							
#ZK#Z106					
#QY#1	1.75	0.20		1.88	2.72	30.2	33.5	19.5																			
#SX# 					
#GJ#常规	20						0.33	5.71									0.884	0.844	0.817	0.784		0.745																			
#GY#																						
%GJ%1	50	0.4246
%GJ%2	100	0.7113
%GJ%3	200	1.0616
%GJ%4	400	1.4756
#KF#试验方法																															
#ZJ#快剪				16.21	31.5		
#QY#2	3.75	0.20		1.84	2.73	34.2	36.8	22.3																			
#SX# 					
#GJ#常规	20						0.44	4.53									0.991	0.935	0.904	0.860		0.808																			
#GY#																						
%GJ%1	50	0.5625
%GJ%2	100	0.8739
%GJ%3	200	1.3159
%GJ%4	400	1.8383
#KF#试验方法																															
#ZJ#快剪				14.27	31.6		
#QY#3	7.75	0.20		1.96	2.71	23.6	26.0	16.7																			
#SX# 					
#GJ#常规	20						0.23	7.43									0.709	0.686	0.669	0.646		0.621																			
#GY#																						
%GJ%1	50	0.2692
%GJ%2	100	0.4681
%GJ%3	200	0.7373
%GJ%4	400	1.0298
#KF#试验方法														9.6	9.6	11.9	68.3	84		6.4	0.01		0.016		0.033			0.132	6.4	3.30	0.78
#ZJ#快剪				27.01	12.8		
#QY#4	11.75	0.20		1.97	2.71	23.3	25.5	15.9																			
#SX# 					
#GJ#常规	20						0.17	9.98									0.696	0.678	0.665	0.648		0.623																			
#GY#																						
%GJ%1	50	0.2123
%GJ%2	100	0.3656
%GJ%3	200	0.5660
%GJ%4	400	0.8608
#KF#试验方法														10.4	10.4	14.5	65.2	83.3		6.3	0.01		0.017		0.035			0.139	6.3	3.50	0.83
#ZJ#快剪				25.55	14.5		
#QY#5	15.75	0.20		1.95	2.71	24.0	26.9	17.2																			
#SX# 					
#GJ#常规	20						0.12	14.36									0.723	0.709	0.700	0.688		0.672																			
#GY#																						
%GJ%1	50	0.1625
%GJ%2	100	0.2670
%GJ%3	200	0.4063
%GJ%4	400	0.5920
#KF#试验方法														12.3	12.3	18.2	60.3	82.1		5.6	0.011		0.018		0.039			0.152	5.6	3.55	0.76
#ZJ#快剪				28.00	12.4		
#QY#6	19.75	0.20		1.83	2.72	33.9	33.0	19.2																			
#SX# 					
#GJ#常规	20						0.60	3.32									0.990	0.883	0.835	0.775		0.714																			
#GY#																						
%GJ%1	50	1.0754
%GJ%2	100	1.5578
%GJ%3	200	2.1608
%GJ%4	400	2.7739
#KF#试验方法																															
#ZJ#快剪				12.80	22.5		
#QY#7	29.75	0.20		1.81	2.73	37.0	36.3	20.3																			
#SX# 					
#GJ#常规	20						0.66	3.13									1.066	0.996	0.956	0.890		0.820																			
#GY#																						
%GJ%1	50	0.6776
%GJ%2	100	1.0649
%GJ%3	200	1.7038
%GJ%4	400	2.3814
#KF#试验方法																															
#ZJ#快剪				11.66	19.1		
#QY#8	37.75	0.20		1.81	2.73	33.4	35.6	20.1																			
#SX# 					
#GJ#常规	20						0.63	3.19									1.012	0.938	0.890	0.827		0.756																			
#GY#																						
%GJ%1	50	0.7356
%GJ%2	100	1.2127
%GJ%3	200	1.8390
%GJ%4	400	2.5447
#KF#试验方法																															
#ZJ#快剪				13.28	25.5		
#QY#9	43.75	0.20		1.97	2.71	24.9	26.9	17.7																			
#SX# 					
#GJ#常规	20						0.18	9.55									0.718	0.703	0.692	0.674		0.650																			
#GY#																						
%GJ%1	50	0.1746
%GJ%2	100	0.3027
%GJ%3	200	0.5122
%GJ%4	400	0.7916
#KF#试验方法																															
#ZJ#快剪				25.77	12.3		
#QY#10	61.75	0.20		1.97	2.72	23.5	28.6	17.4																			
#SX# 					
#GJ#常规	20						0.24	7.10									0.705	0.680	0.664	0.640		0.614																			
#GY#0.10	17.05			0.07	23.93													0.574			0.517	
%GJ%1	50	0.2933
%GJ%2	100	0.4809
%GJ%3	200	0.7625
%GJ%4	400	1.0674
%GJ%5	800	1.5367
%GJ%6	1600	2.2053
#KF#试验方法																															
#ZJ#快剪				17.20	43.0		
#QY#11	73.75	0.20		1.92	2.72	25.9	31.5	18.5																			
#SX# 					
#GJ#常规	20						0.24	7.43									0.784	0.759	0.743	0.719		0.687																			
#GY#0.12	15.18			0.07	26.93													0.640			0.587	
%GJ%1	50	0.2803
%GJ%2	100	0.4596
%GJ%3	200	0.7287
%GJ%4	400	1.0874
%GJ%5	800	1.6143
%GJ%6	1600	2.2085
#KF#试验方法																															
#ZJ#快剪				17.78	45.4		
#QY#R1	51.75	0.20	1																								
#SX# 					
#GJ#常规	20																																								
#GY#																						
#KF#试验方法														69.7	69.7	30.3		30.3			0.004		0.072		0.124			0.229		29.83	10.02
#ZJ#快剪							
#QY#R2	65.75	0.20	1																								
#SX# 					
#GJ#常规	20																																								
#GY#																						
#KF#试验方法											3.2	1.7		75.2	75.2	19.9		19.9			0.009		0.088		0.141			0.250		16.15	6.19
#ZJ#快剪							
#ZK#Z103					
#QY#1	.75	0.20		1.86	2.72	32.7	34.9	21.2																			
#SX# 					
#GJ#常规	20						0.51	3.81									0.941	0.890	0.848	0.797		0.738																			
#GY#																						
%GJ%1	50	0.5255
%GJ%2	100	0.9583
%GJ%3	200	1.4838
%GJ%4	400	2.0917
#KF#试验方法																															
#ZJ#快剪				13.93	26.6		
#QY#2	3.25	0.20		1.82	2.73	36.5	34.7	19.9																			
#SX# 					
#GJ#常规	20						0.63	3.25									1.048	0.973	0.920	0.857		0.788																			
#GY#																						
%GJ%1	50	0.7324
%GJ%2	100	1.2500
%GJ%3	200	1.8652
%GJ%4	400	2.5391
#KF#试验方法																															
#ZJ#快剪				13.36	18.3		
#QY#3	6.75	0.20		1.95	2.71	24.0	26.1	16.8																			
#SX# 					
#GJ#常规	20						0.23	7.49									0.723	0.694	0.677	0.654		0.625																			
#GY#																						
%GJ%1	50	0.3366
%GJ%2	100	0.5340
%GJ%3	200	0.8009
%GJ%4	400	1.1376
#KF#试验方法														15.1	15.1	17.1	58.9	79.6		5.3	0.011		0.018		0.041			0.167	5.3	3.73	0.72
#ZJ#快剪				25.51	12.6		
#QY#4	10.75	0.20		1.91	2.71	26.5	29.4	20.0																			
#SX# 					
#GJ#常规	20						0.21	8.55									0.795	0.772	0.758	0.737		0.716																			
#GY#																						
%GJ%1	50	0.2563
%GJ%2	100	0.4123
%GJ%3	200	0.6462
%GJ%4	400	0.8802
#KF#试验方法																															
#ZJ#快剪				27.74	13.7		
#QY#5	14.75	0.20		1.90	2.71	26.9	29.9	20.2																			
#SX# 					
#GJ#常规	20						0.20	9.05									0.810	0.791	0.776	0.756		0.730																			
#GY#																						
%GJ%1	50	0.2099
%GJ%2	100	0.3757
%GJ%3	200	0.5967
%GJ%4	400	0.8840
#KF#试验方法																															
#ZJ#快剪				27.24	11.8		
#QY#6	18.75	0.20		1.90	2.72	27.1	29.6	18.4																			
#SX# 					
#GJ#常规	20						0.35	5.20									0.820	0.786	0.762	0.727		0.679																			
#GY#																						
%GJ%1	50	0.3736
%GJ%2	100	0.6374
%GJ%3	200	1.0220
%GJ%4	400	1.5495
#KF#试验方法																															
#ZJ#快剪				16.70	29.9		
#QY#7	26.75	0.20		1.77	2.73	36.0	37.3	22.5																			
#SX# 					
#GJ#常规	20						0.47	4.46									1.098	1.032	0.995	0.948		0.891																			
#GY#																						
%GJ%1	50	0.6292
%GJ%2	100	0.9819
%GJ%3	200	1.4299
%GJ%4	400	1.9733
#KF#试验方法																															
#ZJ#快剪				14.70	29.2		
#QY#8	34.75	0.20		1.76	2.76	42.3	44.5	23.1																			
#SX# 					
#GJ#常规	20						0.62	3.60									1.232	1.150	1.107	1.045		0.954																			
#GY#																						
%GJ%1	50	0.7348
%GJ%2	100	1.1201
%GJ%3	200	1.6756
%GJ%4	400	2.4910
#KF#试验方法																															
#ZJ#快剪				12.88	22.5		
#QY#9	42.75	0.20		2.01	2.71	23.1	26.6	18.2																			
#SX# 					
#GJ#常规	20						0.18	9.22									0.660	0.644	0.631	0.613		0.591																			
#GY#																						
%GJ%1	50	0.1928
%GJ%2	100	0.3494
%GJ%3	200	0.5663
%GJ%4	400	0.8313
#KF#试验方法																															
#ZJ#快剪				26.70	13.5		
#QY#10	62.75	0.20		1.89	2.72	29.2	32.5	18.9																			
#SX# 					
#GJ#常规	20						0.33	5.63									0.859	0.820	0.794	0.761		0.719																			
#GY#																						
%GJ%1	50	0.4196
%GJ%2	100	0.6993
%GJ%3	200	1.0543
%GJ%4	400	1.5062
#KF#试验方法																															
#ZJ#快剪				15.17	35.1		
#QY#R1	50.75	0.20	1																								
#SX# 					
#GJ#常规	20																																								
#GY#																						
#KF#试验方法												1.1		77.4	77.4	21.5		21.5			0.007		0.085		0.135			0.235		18.16	7.19
#ZJ#快剪							
#QY#R2	56.75	0.20	1																								
#SX# 					
#GJ#常规	20																																								
#GY#																						
#KF#试验方法											6.2	4.6		59.8	59.8	29.4		29.4			0.004		0.076		0.138			0.660		31.75	9.63
#ZJ#快剪							
#QY#R3	72.75	0.20	1																								
#SX# 					
#GJ#常规	20																																								
#GY#																						
#KF#试验方法									6.2		15.8	21.6		43.3	43.3	13.1		13.1			0.027		0.119		0.281			2.426		10.34	1.85
#ZJ#快剪							
#ZK#Z87					
#QY#1	1.75	0.20		1.87	2.73	30.6	34.0	19.6																			
#SX# 					
#GJ#常规	20						0.53	3.60									0.907	0.834	0.792	0.739		0.686																			
#GY#																						
%GJ%1	50	0.7656
%GJ%2	100	1.2061
%GJ%3	200	1.7619
%GJ%4	400	2.3178
#KF#试验方法																															
#ZJ#快剪				13.64	25.4		
#QY#2	3.75	0.20		1.85	2.73	35.4	37.3	22.8																			
#SX# 					
#GJ#常规	20						0.50	4.00									0.998	0.938	0.897	0.847		0.788																			
#GY#																						
%GJ%1	50	0.6006
%GJ%2	100	1.0110
%GJ%3	200	1.5115
%GJ%4	400	2.1021
#KF#试验方法																															
#ZJ#快剪				14.46	26.7		
#QY#3	7.75	0.20		2.00	2.71	25.3	27.7	18.3																			
#SX# 					
#GJ#常规	20						0.16	10.61									0.698	0.673	0.660	0.644		0.624																			
#GY#																						
%GJ%1	50	0.2945
%GJ%2	100	0.4476
%GJ%3	200	0.6360
%GJ%4	400	0.8716
#KF#试验方法																															
#ZJ#快剪				26.10	13.6		
#QY#4	11.72	0.23		1.94	2.71	25.6	28.2	19.0																			
#SX# 					
#GJ#常规	20						0.22	7.98									0.755	0.710	0.688	0.666		0.643																			
#GY#																						
%GJ%1	50	0.5128
%GJ%2	100	0.7635
%GJ%3	200	1.0142
%GJ%4	400	1.2764
#KF#试验方法														6.8	6.8	16.3	66.7	86.6		6.6	0.01		0.017		0.034			0.102	6.6	3.40	0.85
#ZJ#快剪				25.46	12.3		
#QY#5	15.75	0.20		1.93	2.71	25.1	28.6	19.3																			
#SX# 					
#GJ#常规	20						0.18	9.76									0.757	0.735	0.722	0.704		0.680																			
#GY#																						
%GJ%1	50	0.2504
%GJ%2	100	0.3984
%GJ%3	200	0.6033
%GJ%4	400	0.8765
#KF#试验方法																															
#ZJ#快剪				26.80	12.9		
#QY#6	21.75	0.20		1.84	2.73	34.2	34.0	19.6																			
#SX# 					
#GJ#常规	20						0.60	3.32									0.991	0.915	0.864	0.804		0.729																			
#GY#																						
%GJ%1	50	0.7634
%GJ%2	100	1.2757
%GJ%3	200	1.8785
%GJ%4	400	2.6318
#KF#试验方法																															
#ZJ#快剪				14.71	21.7		
#QY#7	33.75	0.20		1.79	2.73	38.7	35.9	20.2																			
#SX# 					
#GJ#常规	20						0.72	2.94									1.115	1.036	0.993	0.921		0.866																			
#GY#																						
%GJ%1	50	0.7470
%GJ%2	100	1.1537
%GJ%3	200	1.8345
%GJ%4	400	2.3546
#KF#试验方法																															
#ZJ#快剪				11.32	18.5		
#QY#8	43.75	0.20		2.02	2.71	22.9	26.0	16.5																			
#SX# 					
#GJ#常规	20						0.11	14.99									0.649	0.639	0.632	0.621		0.605																			
#GY#																						
%GJ%1	50	0.1213
%GJ%2	100	0.2062
%GJ%3	200	0.3396
%GJ%4	400	0.5337
#KF#试验方法																															
#ZJ#快剪				27.67	12.3		
#QY#9	61.75	0.20																									
#SX# 					
#GJ#常规	20																																								
#GY#																						
#KF#试验方法														58.1	58.1	41.9		41.9			0.003		0.022		0.108			0.225		38.46	1.61
#ZJ#快剪							
#QY#10	71.75	0.20		1.84	2.74	37.5	40.0	21.5																			
#SX# 					
#GJ#常规	20						0.40	5.12									1.048	0.997	0.969	0.929		0.876																			
#GY#0.19	10.64			0.12	16.55													0.799			0.700	
%GJ%1	50	0.4980
%GJ%2	100	0.7715
%GJ%3	200	1.1621
%GJ%4	400	1.6797
%GJ%5	800	2.4316
%GJ%6	1600	3.3984
#KF#试验方法																															
#ZJ#快剪				15.10	36.5		
#QY#R1	51.75	0.20	1																								
#SX# 					
#GJ#常规	20																																								
#GY#																						
#KF#试验方法												1.6		76.7	76.7	21.7		21.7			0.007		0.085		0.136			0.237		18.49	7.26
#ZJ#快剪							
#QY#R2	65.75	0.20	1																								
#SX# 					
#GJ#常规	20																																								
#GY#																						
#KF#试验方法									6.4		13.8	26.5		41.2	41.2	12.1		12.1			0.036		0.125		0.298			2.465		8.41	1.48
#ZJ#快剪							
#ZK#Z108					
#QY#1	1.75	0.20		1.95	2.73	28.8	33.7	19.5																			
#SX# 					
#GJ#常规	20						0.32	5.64									0.803	0.771	0.748	0.716		0.679																			
#GY#																						
%GJ%1	50	0.3550
%GJ%2	100	0.6101
%GJ%3	200	0.9651
%GJ%4	400	1.3755
#KF#试验方法																															
#ZJ#快剪				15.65	36.5		
#QY#2	3.75	0.20		1.91	2.72	32.6	35.3	21.4																			
#SX# 					
#GJ#常规	20						0.44	4.29									0.888	0.836	0.800	0.756		0.709																			
#GY#																						
%GJ%1	50	0.5508
%GJ%2	100	0.9322
%GJ%3	200	1.3983
%GJ%4	400	1.8962
#KF#试验方法																															
#ZJ#快剪				14.79	27.5		
#QY#3	7.75	0.20		1.99	2.71	26.7	29.6	20.2																			
#SX# 					
#GJ#常规	20						0.18	9.59									0.725	0.710	0.697	0.679		0.656																			
#GY#																						
%GJ%1	50	0.1739
%GJ%2	100	0.3246
%GJ%3	200	0.5333
%GJ%4	400	0.8000
#KF#试验方法																															
#ZJ#快剪				26.69	15.6		
#QY#4	11.75	0.20		1.93	2.71	25.5	28.2	19.0																			
#SX# 					
#GJ#常规	20						0.14	12.59									0.762	0.748	0.737	0.723		0.702																			
#GY#																						
%GJ%1	50	0.1589
%GJ%2	100	0.2838
%GJ%3	200	0.4427
%GJ%4	400	0.6810
#KF#试验方法														10.5	10.5	18.1	62.8	84.5		5.0	0.011		0.018		0.038			0.14	5.0	3.45	0.78
#ZJ#快剪				29.20	12.7		
#QY#5	15.75	0.20		1.90	2.71	27.0	29.8	20.3																			
#SX# 					
#GJ#常规	20						0.22	8.23									0.811	0.794	0.781	0.759		0.732																			
#GY#																						
%GJ%1	50	0.1877
%GJ%2	100	0.3313
%GJ%3	200	0.5743
%GJ%4	400	0.8724
#KF#试验方法																															
#ZJ#快剪				27.10	16.6		
#QY#6	19.75	0.20		1.92	2.71	27.5	29.5	20.4																			
#SX# 					
#GJ#常规	20						0.17	10.59									0.800	0.782	0.770	0.753		0.728																			
#GY#																						
%GJ%1	50	0.2000
%GJ%2	100	0.3333
%GJ%3	200	0.5222
%GJ%4	400	0.8000
#KF#试验方法																															
#ZJ#快剪				27.34	12.4		
#QY#7	27.75	0.20		1.87	2.73	33.4	36.3	20.3																			
#SX# 					
#GJ#常规	20						0.44	4.43									0.947	0.896	0.864	0.820		0.767																			
#GY#																						
%GJ%1	50	0.5239
%GJ%2	100	0.8526
%GJ%3	200	1.3046
%GJ%4	400	1.8490
#KF#试验方法																															
#ZJ#快剪				14.56	28.5		
#QY#8	37.75	0.20		1.81	2.74	38.7	39.6	21.3																			
#SX# 					
#GJ#常规	20						0.55	3.82									1.100	1.038	1.001	0.946		0.877																			
#GY#																						
%GJ%1	50	0.5905
%GJ%2	100	0.9429
%GJ%3	200	1.4667
%GJ%4	400	2.1238
#KF#试验方法																															
#ZJ#快剪				12.94	22.4		
#QY#9	43.75	0.20		2.01	2.71	25.0	29.2	20.5																			
#SX# 					
#GJ#常规	20						0.12	14.04									0.685	0.672	0.663	0.651		0.635																			
#GY#																						
%GJ%1	50	0.1543
%GJ%2	100	0.2611
%GJ%3	200	0.4036
%GJ%4	400	0.5935
#KF#试验方法																															
#ZJ#快剪				27.70	13.5		
#QY#10	57.75	0.20																									
#SX# 					
#GJ#常规	20																																								
#GY#																						
#KF#试验方法												2.3		54.5	54.5	43.2		43.2			0.003		0.020		0.107			0.235		39.52	1.37
#ZJ#快剪							
#QY#11	73.75	0.20		1.90	2.73	32.8	36.8	20.4																			
#SX# 					
#GJ#常规	20						0.31	6.16									0.908	0.873	0.851	0.820		0.780																			
#GY#0.16	12.31			0.11	17.54													0.718			0.631	
%GJ%1	50	0.3669
%GJ%2	100	0.5975
%GJ%3	200	0.9224
%GJ%4	400	1.3417
%GJ%5	800	1.9916
%GJ%6	1600	2.9036
#KF#试验方法																															
#ZJ#快剪				14.58	36.3		
#QY#R1	49.75	0.20	1																								
#SX# 					
#GJ#常规	20																																								
#GY#																						
#KF#试验方法									7		15.8	22.2		43.3	43.3	11.7		11.7			0.040		0.123		0.291			2.580		7.34	1.32
#ZJ#快剪							
#QY#R2	67.75	0.20	1																								
#SX# 					
#GJ#常规	20																																								
#GY#																						
#KF#试验方法											8.6	4.6		55.6	55.6	31.2		31.2			0.004		0.064		0.139			0.890		34.71	7.36
#ZJ#快剪							
#ZK#Z27					
#QY#1	.6	0.30		1.92	2.72	26.5	31.4	18.5																			
#SX# 					
#GJ#常规	20						0.28	6.40									0.792	0.762	0.744	0.716		0.676																			
#GY#																						
%GJ%1	50	0.3348
%GJ%2	100	0.5357
%GJ%3	200	0.8482
%GJ%4	400	1.2946
#KF#试验方法																															
#ZJ#快剪				16.32	39.4		
#QY#2	2.6	0.30		1.88	2.72	32.6	35.7	21.8																			
#SX# 					
#GJ#常规	20						0.38	5.05									0.918	0.870	0.841	0.803		0.761																			
#GY#																						
%GJ%1	50	0.5005
%GJ%2	100	0.8029
%GJ%3	200	1.1992
%GJ%4	400	1.6371
#KF#试验方法																															
#ZJ#快剪				15.17	33.7		
#QY#3	8.6	0.30		2.02	2.71	23.9	27.0	17.5																			
#SX# 					
#GJ#常规	20						0.11	15.11									0.662	0.650	0.643	0.632		0.620																			
#GY#																						
%GJ%1	50	0.1444
%GJ%2	100	0.2286
%GJ%3	200	0.3610
%GJ%4	400	0.5054
#KF#试验方法														17.2	17.2	22.1	52.5	78.2		4.6	0.011		0.02		0.049			0.175	4.6	4.45	0.74
#ZJ#快剪				28.11	13.5		
#QY#4	12.6	0.30		1.94	2.71	25.3	28.6	18.9																			
#SX# 					
#GJ#常规	20						0.13	13.46									0.750	0.736	0.727	0.714		0.697																			
#GY#																						
%GJ%1	50	0.1600
%GJ%2	100	0.2629
%GJ%3	200	0.4114
%GJ%4	400	0.6057
#KF#试验方法														9.6	9.6	28	53.2	85.1		5.3	0.011		0.019		0.046			0.132	5.3	4.18	0.71
#ZJ#快剪				26.76	13.7		
#QY#5	22.7	0.20		1.80	2.73	37.9	35.1	19.9																			
#SX# 					
#GJ#常规	20						0.66	3.17									1.091	1.020	0.975	0.909		0.824																			
#GY#																						
%GJ%1	50	0.6791
%GJ%2	100	1.1095
%GJ%3	200	1.7408
%GJ%4	400	2.5538
#KF#试验方法																															
#ZJ#快剪				12.23	16.4		
#QY#6	32.7	0.20		1.81	2.73	38.2	35.3	20.0																			
#SX# 					
#GJ#常规	20						0.69	3.02									1.084	1.025	0.985	0.916		0.859																			
#GY#																						
%GJ%1	50	0.5662
%GJ%2	100	0.9501
%GJ%3	200	1.6123
%GJ%4	400	2.1593
#KF#试验方法																															
#ZJ#快剪				11.77	18.4		
#QY#7	38.7	0.20		1.97	2.72	23.9	33.0	19.2																			
#SX# 					
#GJ#常规	20						0.16	10.69									0.711	0.689	0.678	0.662		0.644																			
#GY#																						
%GJ%1	50	0.2572
%GJ%2	100	0.3857
%GJ%3	200	0.5728
%GJ%4	400	0.7832
#KF#试验方法																															
#ZJ#快剪				21.72	60.5		
#QY#8	42.7	0.20		2.04	2.71	19.7	23.6	15.0																			
#SX# 					
#GJ#常规	20						0.07	22.72									0.590	0.581	0.576	0.569		0.557																			
#GY#																						
%GJ%1	50	0.1132
%GJ%2	100	0.1761
%GJ%3	200	0.2642
%GJ%4	400	0.4151
#KF#试验方法																															
#ZJ#快剪				30.84	12.4		
#QY#9	48.7	0.20		2.09	2.71	19.9	23.4	15.1																			
#SX# 					
#GJ#常规	20						0.11	14.13									0.555	0.544	0.537	0.526		0.514																			
#GY#																						
%GJ%1	50	0.1415
%GJ%2	100	0.2315
%GJ%3	200	0.3730
%GJ%4	400	0.5273
#KF#试验方法																															
#ZJ#快剪				28.83	16.4		
#QY#10	58.7	0.20		2.00	2.72	23.8	27.8	16.3																			
#SX# 					
#GJ#常规	20						0.22	7.65									0.684	0.661	0.648	0.626		0.600																			
#GY#0.07	23.23			0.05	33.68													0.571			0.531	
%GJ%1	50	0.2732
%GJ%2	100	0.4276
%GJ%3	200	0.6888
%GJ%4	400	0.9976
%GJ%5	800	1.3420
%GJ%6	1600	1.8171
#KF#试验方法																															
#ZJ#快剪				16.27	40.7		
#QY#11	70.7	0.20		1.94	2.72	25.2	31.6	18.5																			
#SX# 					
#GJ#常规	20						0.21	8.36									0.755	0.736	0.722	0.701		0.669																			
#GY#0.12	14.94			0.08	21.27													0.622			0.556	
%GJ%1	50	0.2165
%GJ%2	100	0.3761
%GJ%3	200	0.6154
%GJ%4	400	0.9801
%GJ%5	800	1.5157
%GJ%6	1600	2.2678
#KF#试验方法																															
#ZJ#快剪				18.29	47.4		
#QY#R1	52.7	0.20	1																								
#SX# 					
#GJ#常规	20																																								
#GY#																						
#KF#试验方法											1.6	2.5		78.5	78.5	17.4		17.4			0.012		0.090		0.143			0.246		11.90	4.74
#ZJ#快剪							
#QY#R2	64.7	0.20	1																								
#SX# 					
#GJ#常规	20																																								
#GY#																						
#KF#试验方法											5	4.2		60.7	60.7	30.1		30.1			0.004		0.074		0.134			0.496		32.02	9.69
#ZJ#快剪							
#QY#R3	74.7	0.20	1																								
#SX# 					
#GJ#常规	20																																								
#GY#																						
#KF#试验方法											6.8	5		59.4	59.4	28.8		28.8			0.004		0.077		0.140			0.718		31.18	9.40
#ZJ#快剪							
#ZK#Z97					
#QY#1	1.75	0.20		1.92	2.73	28.8	33.6	19.5																			
#SX# 					
#GJ#常规	20						0.28	6.54									0.831	0.802	0.782	0.754		0.717																			
#GY#																						
%GJ%1	50	0.3168
%GJ%2	100	0.5352
%GJ%3	200	0.8411
%GJ%4	400	1.2452
#KF#试验方法																															
#ZJ#快剪				16.21	39.4		
#QY#2	3.75	0.20		1.84	2.72	32.0	34.9	21.2																			
#SX# 					
#GJ#常规	20						0.34	5.74									0.951	0.914	0.891	0.857		0.814																			
#GY#																						
%GJ%1	50	0.3793
%GJ%2	100	0.6151
%GJ%3	200	0.9636
%GJ%4	400	1.4044
#KF#试验方法																															
#ZJ#快剪				16.80	34.9		
#QY#3	7.75	0.20		1.92	2.71	26.3	29.0	19.6																			
#SX# 					
#GJ#常规	20						0.17	10.49									0.783	0.767	0.756	0.739		0.720																			
#GY#																						
%GJ%1	50	0.1795
%GJ%2	100	0.3029
%GJ%3	200	0.4936
%GJ%4	400	0.7067
#KF#试验方法														8.4	8.4	20.1	62.3	86.3		5.3	0.011		0.018		0.038			0.12	5.3	3.45	0.78
#ZJ#快剪				27.63	12.5		
#QY#4	11.75	0.20		1.90	2.71	29.0	31.5	22.2																			
#SX# 					
#GJ#常规	20						0.16	11.50									0.840	0.822	0.811	0.795		0.776																			
#GY#																						
%GJ%1	50	0.1957
%GJ%2	100	0.3152
%GJ%3	200	0.4891
%GJ%4	400	0.6957
#KF#试验方法																															
#ZJ#快剪				26.05	14.3		
#QY#5	15.75	0.20		1.93	2.71	26.1	28.2	19.0																			
#SX# 					
#GJ#常规	20						0.15	11.80									0.771	0.755	0.743	0.728		0.706																			
#GY#																						
%GJ%1	50	0.1807
%GJ%2	100	0.3162
%GJ%3	200	0.4856
%GJ%4	400	0.7340
#KF#试验方法														19.1	19.1	22	50	75.9		5.0	0.011		0.02		0.052			0.181	5.0	4.73	0.70
#ZJ#快剪				27.12	13.3		
#QY#6	23.75	0.20		1.81	2.73	33.6	35.3	20.0																			
#SX# 					
#GJ#常规	20						0.53	3.80									1.015	0.954	0.914	0.861		0.794																			
#GY#																						
%GJ%1	50	0.6055
%GJ%2	100	1.0025
%GJ%3	200	1.5285
%GJ%4	400	2.1935
#KF#试验方法																															
#ZJ#快剪				14.73	25.7		
#QY#7	31.75	0.20		1.81	2.73	37.4	36.1	20.2																			
#SX# 					
#GJ#常规	20						0.70	2.96									1.072	0.988	0.935	0.865		0.787																			
#GY#																						
%GJ%1	50	0.8108
%GJ%2	100	1.3224
%GJ%3	200	1.9981
%GJ%4	400	2.7510
#KF#试验方法																															
#ZJ#快剪				11.68	12.5		
#QY#8	43.75	0.20		1.92	2.71	26.0	29.0	19.5																			
#SX# 					
#GJ#常规	20						0.12	14.82									0.778	0.766	0.757	0.745		0.727																			
#GY#																						
%GJ%1	50	0.1350
%GJ%2	100	0.2362
%GJ%3	200	0.3712
%GJ%4	400	0.5737
#KF#试验方法																															
#ZJ#快剪				26.67	12.8		
#QY#9	59.75	0.20		1.98	2.72	24.5	28.5	17.4																			
#SX# 					
#GJ#常规	20						0.22	7.77									0.710	0.690	0.675	0.653		0.624																			
#GY#0.09	19.00			0.05	31.81													0.588			0.545	
%GJ%1	50	0.2339
%GJ%2	100	0.4094
%GJ%3	200	0.6667
%GJ%4	400	1.0058
%GJ%5	800	1.4269
%GJ%6	1600	1.9298
#KF#试验方法																															
#ZJ#快剪				17.21	40.5		
#QY#10	73.75	0.20		1.84	2.74	34.5	38.4	21.0																			
#SX# 					
#GJ#常规	20						0.39	5.14									1.003	0.965	0.940	0.901		0.852																			
#GY#0.20	10.27			0.11	17.80													0.774			0.684	
%GJ%1	50	0.3794
%GJ%2	100	0.6291
%GJ%3	200	1.0185
%GJ%4	400	1.5077
%GJ%5	800	2.2866
%GJ%6	1600	3.1852
#KF#试验方法																															
#ZJ#快剪				17.73	32.4		
#QY#R1	51.75	0.20	1																								
#SX# 					
#GJ#常规	20																																								
#GY#																						
#KF#试验方法									5.3		13.6	26		42	42	13.1		13.1			0.027		0.120		0.285			2.138		10.65	1.90
#ZJ#快剪							
#QY#R2	67.75	0.20	1																								
#SX# 					
#GJ#常规	20																																								
#GY#																						
#KF#试验方法												.6		70.9	70.9	28.5		28.5			0.005		0.077		0.127			0.232		27.90	10.24
#ZJ#快剪							
#ZK#Z109					
#QY#1	3.75	0.20		1.91	2.72	30.2	33.5	19.5																			
#SX# 					
#GJ#常规	20						0.33	5.62									0.854	0.813	0.789	0.756		0.714																			
#GY#																						
%GJ%1	50	0.4423
%GJ%2	100	0.7012
%GJ%3	200	1.0572
%GJ%4	400	1.5102
#KF#试验方法																															
#ZJ#快剪				15.26	32.6		
#QY#2	7.75	0.20		1.91	2.71	26.4	29.1	19.9																			
#SX# 					
#GJ#常规	20						0.14	12.81									0.793	0.778	0.769	0.755		0.738																			
#GY#																						
%GJ%1	50	0.1673
%GJ%2	100	0.2677
%GJ%3	200	0.4239
%GJ%4	400	0.6135
#KF#试验方法																															
#ZJ#快剪				27.00	11.9		
#QY#3	11.75	0.20		1.94	2.71	25.3	28.2	18.6																			
#SX# 					
#GJ#常规	20						0.13	13.46									0.750	0.733	0.722	0.709		0.692																			
#GY#																						
%GJ%1	50	0.1943
%GJ%2	100	0.3200
%GJ%3	200	0.4686
%GJ%4	400	0.6629
#KF#试验方法																															
#ZJ#快剪				26.12	13.7		
#QY#4	15.75	0.20		1.94	2.71	24.7	27.0	17.3																			
#SX# 					
#GJ#常规	20						0.09	19.35									0.742	0.732	0.726	0.717		0.704																			
#GY#																						
%GJ%1	50	0.1148
%GJ%2	100	0.1837
%GJ%3	200	0.2870
%GJ%4	400	0.4363
#KF#试验方法														10	10	22.2	59.3	85.7		4.3	0.011		0.018		0.041			0.136	4.3	3.73	0.72
#ZJ#快剪				26.55	12.6		
#QY#5	21.75	0.20		1.84	2.72	30.7	32.8	19.1																			
#SX# 					
#GJ#常规	20						0.37	5.22									0.932	0.888	0.859	0.822		0.773																			
#GY#																						
%GJ%1	50	0.4555
%GJ%2	100	0.7557
%GJ%3	200	1.1387
%GJ%4	400	1.6460
#KF#试验方法																															
#ZJ#快剪				14.86	31.5		
#QY#6	31.75	0.20		1.80	2.73	38.3	35.7	20.1																			
#SX# 					
#GJ#常规	20						0.71	2.95									1.098	1.022	0.974	0.903		0.819																			
#GY#																						
%GJ%1	50	0.7245
%GJ%2	100	1.1821
%GJ%3	200	1.8589
%GJ%4	400	2.6597
#KF#试验方法																															
#ZJ#快剪				10.23	14.2		
#QY#7	59.75	0.20		1.99	2.72	22.2	27.5	16.3																			
#SX# 					
#GJ#常规	20						0.16	10.44									0.670	0.649	0.636	0.620		0.602																			
#GY#0.07	25.69			0.04	41.75													0.576			0.544	
%GJ%1	50	0.2515
%GJ%2	100	0.4072
%GJ%3	200	0.5988
%GJ%4	400	0.8144
%GJ%5	800	1.1257
%GJ%6	1600	1.5090
#KF#试验方法																															
#ZJ#快剪				18.23	46.7		
#QY#8	73.75	0.20		1.86	2.73	32.7	35.5	20.1																			
#SX# 					
#GJ#常规	20						0.34	5.73									0.948	0.909	0.885	0.851		0.817																			
#GY#0.13	14.70			0.10	19.98													0.764			0.686	
%GJ%1	50	0.4004
%GJ%2	100	0.6468
%GJ%3	200	0.9959
%GJ%4	400	1.3450
%GJ%5	800	1.8891
%GJ%6	1600	2.6899
#KF#试验方法																															
#ZJ#快剪				15.64	33.0		
#QY#R1	53.75	0.20	1																								
#SX# 					
#GJ#常规	20																																								
#GY#																						
#KF#试验方法												2.9		75.9	75.9	21.2		21.2			0.008		0.086		0.138			0.242		18.01	6.99
#ZJ#快剪							
#QY#R2	67.75	0.20	1																								
#SX# 					
#GJ#常规	20																																								
#GY#																						
#KF#试验方法									6.8		15.6	21.6		43.5	43.5	12.5		12.5			0.031		0.120		0.284			2.548		9.04	1.62
#ZJ#快剪							
#QY#9	39.75	0.20		1.87	2.73	31.9	35.6	20.1																			
#SX# 					
#GJ#常规	20						0.39	4.94									0.926	0.885	0.855	0.816		0.771																			
#GY#																						
%GJ%1	50	0.4258
%GJ%2	100	0.7373
%GJ%3	200	1.1423
%GJ%4	400	1.6096
#KF#试验方法																															
#ZJ#快剪				14.16	28.8		
#QY#10	43.75	0.20		1.98	2.71	22.4	25.7	16.9																			
#SX# 					
#GJ#常规	20						0.12	13.96									0.675	0.662	0.653	0.641		0.625																			
#GY#																						
%GJ%1	50	0.1552
%GJ%2	100	0.2627
%GJ%3	200	0.4060
%GJ%4	400	0.5970
#KF#试验方法																															
#ZJ#快剪				27.09	12.3		
#ZK#Z34					
#QY#R1	.45	4.95	1		2.71	28.3	30.1	20.8																			
#SX# 					
#GJ#常规	20																																								
#GY#																						
#KF#试验方法																															
#ZJ#快剪							
#QY#R2	7	0.40	1		2.71	27.5	29.8	20.3																			
#SX# 					
#GJ#常规	20																																								
#GY#																						
#KF#试验方法																															
#ZJ#快剪							
#QY#R3	8	0.40	1		2.71	25.6	29.0	19.3																			
#SX# 					
#GJ#常规	20																																								
#GY#																						
#KF#试验方法														10	10	20.4	61	84.6		5.4	0.011		0.018		0.039			0.136	5.4	3.55	0.76
#ZJ#快剪							
#QY#R4	10	0.40	1		2.71	25.6	28.5	19.1																			
#SX# 					
#GJ#常规	20																																								
#GY#																						
#KF#试验方法																															
#ZJ#快剪							
#QY#R5	11	0.40	1		2.71	25.6	28.8	19.5																			
#SX# 					
#GJ#常规	20																																								
#GY#																						
#KF#试验方法														13.9	13.9	20.1	56.5	80.6		5.5	0.011		0.018		0.042			0.161	5.5	3.82	0.70
#ZJ#快剪							
#QY#R6	13	0.40	1		2.71	27.8	29.9	20.3																			
#SX# 					
#GJ#常规	20																																								
#GY#																						
#KF#试验方法														9.2	9.2	21.2	59.1	84.6		6.2	0.009		0.017		0.039			0.129	6.2	4.33	0.82
#ZJ#快剪							
#QY#R7	14	0.40	1		2.71	28.3	30.3	21.1																			
#SX# 					
#GJ#常规	20																																								
#GY#																						
#KF#试验方法																															
#ZJ#快剪							
#QY#R8	15	0.40	1		2.71	26.6	29.7	20.2																			
#SX# 					
#GJ#常规	20																																								
#GY#																						
#KF#试验方法														19.6	19.6	9	60.3	73.9		6.5	0.009		0.017		0.037			0.183	6.5	4.11	0.87
#ZJ#快剪							
#QY#R9	17	0.40	1		2.71	21.9	24.7	16.1																			
#SX# 					
#GJ#常规	20																																								
#GY#																						
#KF#试验方法														34.4	34.4	26.9	30.2	61.4		4.2	0.011		0.032		0.07			0.209	4.2	6.36	1.33
#ZJ#快剪							
#QY#R10	18	0.40	1		2.71	21.2	24.2	15.5																			
#SX# 					
#GJ#常规	20																																								
#GY#																						
#KF#试验方法														14.7	14.7	17.5	58.9	79.7		5.6	0.011		0.018		0.041			0.165	5.6	3.73	0.72
#ZJ#快剪							
#QY#R11	44	0.40	1																								
#SX# 					
#GJ#常规	20																																								
#GY#																						
#KF#试验方法											11.4	3.8		54.7	54.7	30.1		30.1			0.004		0.074		0.144			1.089		34.24	9.07
#ZJ#快剪							
#QY#R12	56	0.40	1																								
#SX# 					
#GJ#常规	20																																								
#GY#																						
#KF#试验方法											11.2	5.6		58.9	58.9	24.3		24.3			0.006		0.084		0.155			1.075		26.09	7.69
#ZJ#快剪							
#QY#R13	66	0.40	1																								
#SX# 					
#GJ#常规	20																																								
#GY#																						
#KF#试验方法									6.9		13.2	26.6		41.2	41.2	12.1		12.1			0.035		0.125		0.298			2.578		8.53	1.51
#ZJ#快剪							
#QY#R14	75	0.40	1																								
#SX# 					
#GJ#常规	20																																								
#GY#																						
#KF#试验方法											2.8	1		76	76	20.2		20.2			0.008		0.087		0.140			0.245		16.46	6.39
#ZJ#快剪							
